1, [array([0.33333333, 0.33333333, 0.33333333]), array([-1.12583175,  1.42631854, -0.13750419])], 2022-12-25 13:51:02.698427 
2, [array([0.33333333, 0.33333333, 0.33333333]), array([-1.12583175,  1.42631854, -0.13750419]), array([-1.25687502,  1.48847228, -1.06967922])], 2022-12-25 13:51:18.151596 
3, [array([0.33333333, 0.33333333, 0.33333333]), array([-1.12583175,  1.42631854, -0.13750419]), array([-1.25687502,  1.48847228, -1.06967922]), array([-1.04580692,  2.85755611,  0.49039863])], 2022-12-25 13:51:41.413043 
4, [array([0.33333333, 0.33333333, 0.33333333]), array([-1.12583175,  1.42631854, -0.13750419]), array([-1.25687502,  1.48847228, -1.06967922]), array([-1.04580692,  2.85755611,  0.49039863]), array([-7.22160936,  6.75655841, -1.3300063 ])], 2022-12-25 13:51:56.874480 
5, [array([0.33333333, 0.33333333, 0.33333333]), array([-1.12583175,  1.42631854, -0.13750419]), array([-1.25687502,  1.48847228, -1.06967922]), array([-1.04580692,  2.85755611,  0.49039863]), array([-7.22160936,  6.75655841, -1.3300063 ]), array([-0.5201592 , 18.6982061 , 11.75131302])], 2022-12-25 13:52:35.909074 
6, [array([0.33333333, 0.33333333, 0.33333333]), array([-1.12583175,  1.42631854, -0.13750419]), array([-1.25687502,  1.48847228, -1.06967922]), array([-1.04580692,  2.85755611,  0.49039863]), array([-7.22160936,  6.75655841, -1.3300063 ]), array([-0.5201592 , 18.6982061 , 11.75131302]), array([-4.50119917, 18.53991117,  0.53176336])], 2022-12-25 13:53:49.074423 
7, [array([0.33333333, 0.33333333, 0.33333333]), array([-1.12583175,  1.42631854, -0.13750419]), array([-1.25687502,  1.48847228, -1.06967922]), array([-1.04580692,  2.85755611,  0.49039863]), array([-7.22160936,  6.75655841, -1.3300063 ]), array([-0.5201592 , 18.6982061 , 11.75131302]), array([-4.50119917, 18.53991117,  0.53176336]), array([-0.07198696, 24.29508559, -5.8795357 ])], 2022-12-25 13:54:42.469513 
8, [array([0.33333333, 0.33333333, 0.33333333]), array([-1.12583175,  1.42631854, -0.13750419]), array([-1.25687502,  1.48847228, -1.06967922]), array([-1.04580692,  2.85755611,  0.49039863]), array([-7.22160936,  6.75655841, -1.3300063 ]), array([-0.5201592 , 18.6982061 , 11.75131302]), array([-4.50119917, 18.53991117,  0.53176336]), array([-0.07198696, 24.29508559, -5.8795357 ]), array([ 3.02316229, 24.8876942 ,  3.50785193])], 2022-12-25 13:56:03.807148 
9, [array([0.33333333, 0.33333333, 0.33333333]), array([-1.12583175,  1.42631854, -0.13750419]), array([-1.25687502,  1.48847228, -1.06967922]), array([-1.04580692,  2.85755611,  0.49039863]), array([-7.22160936,  6.75655841, -1.3300063 ]), array([-0.5201592 , 18.6982061 , 11.75131302]), array([-4.50119917, 18.53991117,  0.53176336]), array([-0.07198696, 24.29508559, -5.8795357 ]), array([ 3.02316229, 24.8876942 ,  3.50785193]), array([ 3.0681598 , 24.87580658,  3.54561316])], 2022-12-25 14:08:23.617486 
10, [array([0.33333333, 0.33333333, 0.33333333]), array([-1.12583175,  1.42631854, -0.13750419]), array([-1.25687502,  1.48847228, -1.06967922]), array([-1.04580692,  2.85755611,  0.49039863]), array([-7.22160936,  6.75655841, -1.3300063 ]), array([-0.5201592 , 18.6982061 , 11.75131302]), array([-4.50119917, 18.53991117,  0.53176336]), array([-0.07198696, 24.29508559, -5.8795357 ]), array([ 3.02316229, 24.8876942 ,  3.50785193]), array([ 3.0681598 , 24.87580658,  3.54561316]), array([ 3.0681598 , 24.87580658,  3.54561316])], 2022-12-25 14:43:33.156882 
11, [array([0.33333333, 0.33333333, 0.33333333]), array([-1.12583175,  1.42631854, -0.13750419]), array([-1.25687502,  1.48847228, -1.06967922]), array([-1.04580692,  2.85755611,  0.49039863]), array([-7.22160936,  6.75655841, -1.3300063 ]), array([-0.5201592 , 18.6982061 , 11.75131302]), array([-4.50119917, 18.53991117,  0.53176336]), array([-0.07198696, 24.29508559, -5.8795357 ]), array([ 3.02316229, 24.8876942 ,  3.50785193]), array([ 3.0681598 , 24.87580658,  3.54561316]), array([ 3.0681598 , 24.87580658,  3.54561316]), array([ 3.0681598 , 24.87580658,  3.54561316])], 2022-12-25 14:45:29.983546 
