1, [array([0, 0, 0, 0, 0, 0]), array([ 0.40794534,  0.54933729, -0.25738668, -0.3569761 , -0.05708977,
       -0.36549668])], 2022-12-28 14:05:01.587087 
2, [array([0, 0, 0, 0, 0, 0]), array([ 0.40794534,  0.54933729, -0.25738668, -0.3569761 , -0.05708977,
       -0.36549668]), array([ 0.44359644, -0.07773785, -0.3746283 , -0.05687297,  0.8243217 ,
       -1.65185715])], 2022-12-28 14:05:09.416587 
3, [array([0, 0, 0, 0, 0, 0]), array([ 0.40794534,  0.54933729, -0.25738668, -0.3569761 , -0.05708977,
       -0.36549668]), array([ 0.44359644, -0.07773785, -0.3746283 , -0.05687297,  0.8243217 ,
       -1.65185715]), array([ 1.61679191, -0.83191167, -0.7858941 , -0.6168981 ,  1.67641803,
       -0.92872314])], 2022-12-28 14:05:12.828468 
4, [array([0, 0, 0, 0, 0, 0]), array([ 0.40794534,  0.54933729, -0.25738668, -0.3569761 , -0.05708977,
       -0.36549668]), array([ 0.44359644, -0.07773785, -0.3746283 , -0.05687297,  0.8243217 ,
       -1.65185715]), array([ 1.61679191, -0.83191167, -0.7858941 , -0.6168981 ,  1.67641803,
       -0.92872314]), array([ 3.48577649, -2.54718163, -1.1494375 , -0.1928891 ,  1.89031213,
       -1.60677522])], 2022-12-28 14:05:44.943440 
5, [array([0, 0, 0, 0, 0, 0]), array([ 0.40794534,  0.54933729, -0.25738668, -0.3569761 , -0.05708977,
       -0.36549668]), array([ 0.44359644, -0.07773785, -0.3746283 , -0.05687297,  0.8243217 ,
       -1.65185715]), array([ 1.61679191, -0.83191167, -0.7858941 , -0.6168981 ,  1.67641803,
       -0.92872314]), array([ 3.48577649, -2.54718163, -1.1494375 , -0.1928891 ,  1.89031213,
       -1.60677522]), array([ 3.54372399, -1.35131695,  0.01749389, -0.42811099,  1.16187833,
       -1.85449965])], 2022-12-28 14:06:06.152770 
6, [array([0, 0, 0, 0, 0, 0]), array([ 0.40794534,  0.54933729, -0.25738668, -0.3569761 , -0.05708977,
       -0.36549668]), array([ 0.44359644, -0.07773785, -0.3746283 , -0.05687297,  0.8243217 ,
       -1.65185715]), array([ 1.61679191, -0.83191167, -0.7858941 , -0.6168981 ,  1.67641803,
       -0.92872314]), array([ 3.48577649, -2.54718163, -1.1494375 , -0.1928891 ,  1.89031213,
       -1.60677522]), array([ 3.54372399, -1.35131695,  0.01749389, -0.42811099,  1.16187833,
       -1.85449965]), array([ 2.49880744, -1.15157891,  0.29035342, -1.03427623,  2.15394777,
       -1.28161264])], 2022-12-28 14:06:15.802613 
7, [array([0, 0, 0, 0, 0, 0]), array([ 0.40794534,  0.54933729, -0.25738668, -0.3569761 , -0.05708977,
       -0.36549668]), array([ 0.44359644, -0.07773785, -0.3746283 , -0.05687297,  0.8243217 ,
       -1.65185715]), array([ 1.61679191, -0.83191167, -0.7858941 , -0.6168981 ,  1.67641803,
       -0.92872314]), array([ 3.48577649, -2.54718163, -1.1494375 , -0.1928891 ,  1.89031213,
       -1.60677522]), array([ 3.54372399, -1.35131695,  0.01749389, -0.42811099,  1.16187833,
       -1.85449965]), array([ 2.49880744, -1.15157891,  0.29035342, -1.03427623,  2.15394777,
       -1.28161264]), array([ 2.16045634, -1.38230547,  0.58031368, -1.03120797,  1.8219527 ,
       -1.13762165])], 2022-12-28 14:06:52.839419 
8, [array([0, 0, 0, 0, 0, 0]), array([ 0.40794534,  0.54933729, -0.25738668, -0.3569761 , -0.05708977,
       -0.36549668]), array([ 0.44359644, -0.07773785, -0.3746283 , -0.05687297,  0.8243217 ,
       -1.65185715]), array([ 1.61679191, -0.83191167, -0.7858941 , -0.6168981 ,  1.67641803,
       -0.92872314]), array([ 3.48577649, -2.54718163, -1.1494375 , -0.1928891 ,  1.89031213,
       -1.60677522]), array([ 3.54372399, -1.35131695,  0.01749389, -0.42811099,  1.16187833,
       -1.85449965]), array([ 2.49880744, -1.15157891,  0.29035342, -1.03427623,  2.15394777,
       -1.28161264]), array([ 2.16045634, -1.38230547,  0.58031368, -1.03120797,  1.8219527 ,
       -1.13762165]), array([ 3.12573691, -1.04604606,  1.18689643, -1.93554359,  0.7418451 ,
       -1.67031367])], 2022-12-28 14:07:05.851428 
9, [array([0, 0, 0, 0, 0, 0]), array([ 0.40794534,  0.54933729, -0.25738668, -0.3569761 , -0.05708977,
       -0.36549668]), array([ 0.44359644, -0.07773785, -0.3746283 , -0.05687297,  0.8243217 ,
       -1.65185715]), array([ 1.61679191, -0.83191167, -0.7858941 , -0.6168981 ,  1.67641803,
       -0.92872314]), array([ 3.48577649, -2.54718163, -1.1494375 , -0.1928891 ,  1.89031213,
       -1.60677522]), array([ 3.54372399, -1.35131695,  0.01749389, -0.42811099,  1.16187833,
       -1.85449965]), array([ 2.49880744, -1.15157891,  0.29035342, -1.03427623,  2.15394777,
       -1.28161264]), array([ 2.16045634, -1.38230547,  0.58031368, -1.03120797,  1.8219527 ,
       -1.13762165]), array([ 3.12573691, -1.04604606,  1.18689643, -1.93554359,  0.7418451 ,
       -1.67031367]), array([ 3.51020599, -2.07607654,  0.38787739, -2.40764296,  0.90345821,
       -1.80575839])], 2022-12-28 14:07:38.546723 
10, [array([0, 0, 0, 0, 0, 0]), array([ 0.40794534,  0.54933729, -0.25738668, -0.3569761 , -0.05708977,
       -0.36549668]), array([ 0.44359644, -0.07773785, -0.3746283 , -0.05687297,  0.8243217 ,
       -1.65185715]), array([ 1.61679191, -0.83191167, -0.7858941 , -0.6168981 ,  1.67641803,
       -0.92872314]), array([ 3.48577649, -2.54718163, -1.1494375 , -0.1928891 ,  1.89031213,
       -1.60677522]), array([ 3.54372399, -1.35131695,  0.01749389, -0.42811099,  1.16187833,
       -1.85449965]), array([ 2.49880744, -1.15157891,  0.29035342, -1.03427623,  2.15394777,
       -1.28161264]), array([ 2.16045634, -1.38230547,  0.58031368, -1.03120797,  1.8219527 ,
       -1.13762165]), array([ 3.12573691, -1.04604606,  1.18689643, -1.93554359,  0.7418451 ,
       -1.67031367]), array([ 3.51020599, -2.07607654,  0.38787739, -2.40764296,  0.90345821,
       -1.80575839]), array([ 3.94864602, -2.48233804,  1.92939862, -2.78530622,  1.09781869,
       -1.96955923])], 2022-12-28 14:08:15.205577 
11, [array([0, 0, 0, 0, 0, 0]), array([ 0.40794534,  0.54933729, -0.25738668, -0.3569761 , -0.05708977,
       -0.36549668]), array([ 0.44359644, -0.07773785, -0.3746283 , -0.05687297,  0.8243217 ,
       -1.65185715]), array([ 1.61679191, -0.83191167, -0.7858941 , -0.6168981 ,  1.67641803,
       -0.92872314]), array([ 3.48577649, -2.54718163, -1.1494375 , -0.1928891 ,  1.89031213,
       -1.60677522]), array([ 3.54372399, -1.35131695,  0.01749389, -0.42811099,  1.16187833,
       -1.85449965]), array([ 2.49880744, -1.15157891,  0.29035342, -1.03427623,  2.15394777,
       -1.28161264]), array([ 2.16045634, -1.38230547,  0.58031368, -1.03120797,  1.8219527 ,
       -1.13762165]), array([ 3.12573691, -1.04604606,  1.18689643, -1.93554359,  0.7418451 ,
       -1.67031367]), array([ 3.51020599, -2.07607654,  0.38787739, -2.40764296,  0.90345821,
       -1.80575839]), array([ 3.94864602, -2.48233804,  1.92939862, -2.78530622,  1.09781869,
       -1.96955923]), array([ 3.07153212, -3.92534537,  2.19760349, -2.52688191,  0.45330728,
       -1.41853274])], 2022-12-28 14:08:36.532086 
12, [array([0, 0, 0, 0, 0, 0]), array([ 0.40794534,  0.54933729, -0.25738668, -0.3569761 , -0.05708977,
       -0.36549668]), array([ 0.44359644, -0.07773785, -0.3746283 , -0.05687297,  0.8243217 ,
       -1.65185715]), array([ 1.61679191, -0.83191167, -0.7858941 , -0.6168981 ,  1.67641803,
       -0.92872314]), array([ 3.48577649, -2.54718163, -1.1494375 , -0.1928891 ,  1.89031213,
       -1.60677522]), array([ 3.54372399, -1.35131695,  0.01749389, -0.42811099,  1.16187833,
       -1.85449965]), array([ 2.49880744, -1.15157891,  0.29035342, -1.03427623,  2.15394777,
       -1.28161264]), array([ 2.16045634, -1.38230547,  0.58031368, -1.03120797,  1.8219527 ,
       -1.13762165]), array([ 3.12573691, -1.04604606,  1.18689643, -1.93554359,  0.7418451 ,
       -1.67031367]), array([ 3.51020599, -2.07607654,  0.38787739, -2.40764296,  0.90345821,
       -1.80575839]), array([ 3.94864602, -2.48233804,  1.92939862, -2.78530622,  1.09781869,
       -1.96955923]), array([ 3.07153212, -3.92534537,  2.19760349, -2.52688191,  0.45330728,
       -1.41853274]), array([ 2.60610375, -5.04698241,  1.56924765, -1.39711099,  0.37729764,
       -0.73171853])], 2022-12-28 14:09:00.489861 
13, [array([0, 0, 0, 0, 0, 0]), array([ 0.40794534,  0.54933729, -0.25738668, -0.3569761 , -0.05708977,
       -0.36549668]), array([ 0.44359644, -0.07773785, -0.3746283 , -0.05687297,  0.8243217 ,
       -1.65185715]), array([ 1.61679191, -0.83191167, -0.7858941 , -0.6168981 ,  1.67641803,
       -0.92872314]), array([ 3.48577649, -2.54718163, -1.1494375 , -0.1928891 ,  1.89031213,
       -1.60677522]), array([ 3.54372399, -1.35131695,  0.01749389, -0.42811099,  1.16187833,
       -1.85449965]), array([ 2.49880744, -1.15157891,  0.29035342, -1.03427623,  2.15394777,
       -1.28161264]), array([ 2.16045634, -1.38230547,  0.58031368, -1.03120797,  1.8219527 ,
       -1.13762165]), array([ 3.12573691, -1.04604606,  1.18689643, -1.93554359,  0.7418451 ,
       -1.67031367]), array([ 3.51020599, -2.07607654,  0.38787739, -2.40764296,  0.90345821,
       -1.80575839]), array([ 3.94864602, -2.48233804,  1.92939862, -2.78530622,  1.09781869,
       -1.96955923]), array([ 3.07153212, -3.92534537,  2.19760349, -2.52688191,  0.45330728,
       -1.41853274]), array([ 2.60610375, -5.04698241,  1.56924765, -1.39711099,  0.37729764,
       -0.73171853]), array([ 1.50825242, -4.68133067,  0.58828649, -2.14256575, -2.70760898,
       -1.72338041])], 2022-12-28 14:09:42.413100 
14, [array([0, 0, 0, 0, 0, 0]), array([ 0.40794534,  0.54933729, -0.25738668, -0.3569761 , -0.05708977,
       -0.36549668]), array([ 0.44359644, -0.07773785, -0.3746283 , -0.05687297,  0.8243217 ,
       -1.65185715]), array([ 1.61679191, -0.83191167, -0.7858941 , -0.6168981 ,  1.67641803,
       -0.92872314]), array([ 3.48577649, -2.54718163, -1.1494375 , -0.1928891 ,  1.89031213,
       -1.60677522]), array([ 3.54372399, -1.35131695,  0.01749389, -0.42811099,  1.16187833,
       -1.85449965]), array([ 2.49880744, -1.15157891,  0.29035342, -1.03427623,  2.15394777,
       -1.28161264]), array([ 2.16045634, -1.38230547,  0.58031368, -1.03120797,  1.8219527 ,
       -1.13762165]), array([ 3.12573691, -1.04604606,  1.18689643, -1.93554359,  0.7418451 ,
       -1.67031367]), array([ 3.51020599, -2.07607654,  0.38787739, -2.40764296,  0.90345821,
       -1.80575839]), array([ 3.94864602, -2.48233804,  1.92939862, -2.78530622,  1.09781869,
       -1.96955923]), array([ 3.07153212, -3.92534537,  2.19760349, -2.52688191,  0.45330728,
       -1.41853274]), array([ 2.60610375, -5.04698241,  1.56924765, -1.39711099,  0.37729764,
       -0.73171853]), array([ 1.50825242, -4.68133067,  0.58828649, -2.14256575, -2.70760898,
       -1.72338041]), array([-0.47306083, -3.69654411,  1.69658176, -3.06106795, -2.3023905 ,
       -1.80612609])], 2022-12-28 14:10:27.039347 
15, [array([0, 0, 0, 0, 0, 0]), array([ 0.40794534,  0.54933729, -0.25738668, -0.3569761 , -0.05708977,
       -0.36549668]), array([ 0.44359644, -0.07773785, -0.3746283 , -0.05687297,  0.8243217 ,
       -1.65185715]), array([ 1.61679191, -0.83191167, -0.7858941 , -0.6168981 ,  1.67641803,
       -0.92872314]), array([ 3.48577649, -2.54718163, -1.1494375 , -0.1928891 ,  1.89031213,
       -1.60677522]), array([ 3.54372399, -1.35131695,  0.01749389, -0.42811099,  1.16187833,
       -1.85449965]), array([ 2.49880744, -1.15157891,  0.29035342, -1.03427623,  2.15394777,
       -1.28161264]), array([ 2.16045634, -1.38230547,  0.58031368, -1.03120797,  1.8219527 ,
       -1.13762165]), array([ 3.12573691, -1.04604606,  1.18689643, -1.93554359,  0.7418451 ,
       -1.67031367]), array([ 3.51020599, -2.07607654,  0.38787739, -2.40764296,  0.90345821,
       -1.80575839]), array([ 3.94864602, -2.48233804,  1.92939862, -2.78530622,  1.09781869,
       -1.96955923]), array([ 3.07153212, -3.92534537,  2.19760349, -2.52688191,  0.45330728,
       -1.41853274]), array([ 2.60610375, -5.04698241,  1.56924765, -1.39711099,  0.37729764,
       -0.73171853]), array([ 1.50825242, -4.68133067,  0.58828649, -2.14256575, -2.70760898,
       -1.72338041]), array([-0.47306083, -3.69654411,  1.69658176, -3.06106795, -2.3023905 ,
       -1.80612609]), array([-1.05219125, -6.91700762,  4.22967283, -4.32807433, -1.72356316,
       -2.04465622])], 2022-12-28 14:11:29.014914 
16, [array([0, 0, 0, 0, 0, 0]), array([ 0.40794534,  0.54933729, -0.25738668, -0.3569761 , -0.05708977,
       -0.36549668]), array([ 0.44359644, -0.07773785, -0.3746283 , -0.05687297,  0.8243217 ,
       -1.65185715]), array([ 1.61679191, -0.83191167, -0.7858941 , -0.6168981 ,  1.67641803,
       -0.92872314]), array([ 3.48577649, -2.54718163, -1.1494375 , -0.1928891 ,  1.89031213,
       -1.60677522]), array([ 3.54372399, -1.35131695,  0.01749389, -0.42811099,  1.16187833,
       -1.85449965]), array([ 2.49880744, -1.15157891,  0.29035342, -1.03427623,  2.15394777,
       -1.28161264]), array([ 2.16045634, -1.38230547,  0.58031368, -1.03120797,  1.8219527 ,
       -1.13762165]), array([ 3.12573691, -1.04604606,  1.18689643, -1.93554359,  0.7418451 ,
       -1.67031367]), array([ 3.51020599, -2.07607654,  0.38787739, -2.40764296,  0.90345821,
       -1.80575839]), array([ 3.94864602, -2.48233804,  1.92939862, -2.78530622,  1.09781869,
       -1.96955923]), array([ 3.07153212, -3.92534537,  2.19760349, -2.52688191,  0.45330728,
       -1.41853274]), array([ 2.60610375, -5.04698241,  1.56924765, -1.39711099,  0.37729764,
       -0.73171853]), array([ 1.50825242, -4.68133067,  0.58828649, -2.14256575, -2.70760898,
       -1.72338041]), array([-0.47306083, -3.69654411,  1.69658176, -3.06106795, -2.3023905 ,
       -1.80612609]), array([-1.05219125, -6.91700762,  4.22967283, -4.32807433, -1.72356316,
       -2.04465622]), array([-0.90496515, -7.33521357,  4.13397781, -4.6071971 , -2.00256419,
       -2.56312887])], 2022-12-28 14:15:26.003978 
17, [array([0, 0, 0, 0, 0, 0]), array([ 0.40794534,  0.54933729, -0.25738668, -0.3569761 , -0.05708977,
       -0.36549668]), array([ 0.44359644, -0.07773785, -0.3746283 , -0.05687297,  0.8243217 ,
       -1.65185715]), array([ 1.61679191, -0.83191167, -0.7858941 , -0.6168981 ,  1.67641803,
       -0.92872314]), array([ 3.48577649, -2.54718163, -1.1494375 , -0.1928891 ,  1.89031213,
       -1.60677522]), array([ 3.54372399, -1.35131695,  0.01749389, -0.42811099,  1.16187833,
       -1.85449965]), array([ 2.49880744, -1.15157891,  0.29035342, -1.03427623,  2.15394777,
       -1.28161264]), array([ 2.16045634, -1.38230547,  0.58031368, -1.03120797,  1.8219527 ,
       -1.13762165]), array([ 3.12573691, -1.04604606,  1.18689643, -1.93554359,  0.7418451 ,
       -1.67031367]), array([ 3.51020599, -2.07607654,  0.38787739, -2.40764296,  0.90345821,
       -1.80575839]), array([ 3.94864602, -2.48233804,  1.92939862, -2.78530622,  1.09781869,
       -1.96955923]), array([ 3.07153212, -3.92534537,  2.19760349, -2.52688191,  0.45330728,
       -1.41853274]), array([ 2.60610375, -5.04698241,  1.56924765, -1.39711099,  0.37729764,
       -0.73171853]), array([ 1.50825242, -4.68133067,  0.58828649, -2.14256575, -2.70760898,
       -1.72338041]), array([-0.47306083, -3.69654411,  1.69658176, -3.06106795, -2.3023905 ,
       -1.80612609]), array([-1.05219125, -6.91700762,  4.22967283, -4.32807433, -1.72356316,
       -2.04465622]), array([-0.90496515, -7.33521357,  4.13397781, -4.6071971 , -2.00256419,
       -2.56312887]), array([-1.70263397, -7.38016089,  4.01669211, -4.68827918, -3.08925833,
       -3.584252  ])], 2022-12-28 14:16:04.388885 
18, [array([0, 0, 0, 0, 0, 0]), array([ 0.40794534,  0.54933729, -0.25738668, -0.3569761 , -0.05708977,
       -0.36549668]), array([ 0.44359644, -0.07773785, -0.3746283 , -0.05687297,  0.8243217 ,
       -1.65185715]), array([ 1.61679191, -0.83191167, -0.7858941 , -0.6168981 ,  1.67641803,
       -0.92872314]), array([ 3.48577649, -2.54718163, -1.1494375 , -0.1928891 ,  1.89031213,
       -1.60677522]), array([ 3.54372399, -1.35131695,  0.01749389, -0.42811099,  1.16187833,
       -1.85449965]), array([ 2.49880744, -1.15157891,  0.29035342, -1.03427623,  2.15394777,
       -1.28161264]), array([ 2.16045634, -1.38230547,  0.58031368, -1.03120797,  1.8219527 ,
       -1.13762165]), array([ 3.12573691, -1.04604606,  1.18689643, -1.93554359,  0.7418451 ,
       -1.67031367]), array([ 3.51020599, -2.07607654,  0.38787739, -2.40764296,  0.90345821,
       -1.80575839]), array([ 3.94864602, -2.48233804,  1.92939862, -2.78530622,  1.09781869,
       -1.96955923]), array([ 3.07153212, -3.92534537,  2.19760349, -2.52688191,  0.45330728,
       -1.41853274]), array([ 2.60610375, -5.04698241,  1.56924765, -1.39711099,  0.37729764,
       -0.73171853]), array([ 1.50825242, -4.68133067,  0.58828649, -2.14256575, -2.70760898,
       -1.72338041]), array([-0.47306083, -3.69654411,  1.69658176, -3.06106795, -2.3023905 ,
       -1.80612609]), array([-1.05219125, -6.91700762,  4.22967283, -4.32807433, -1.72356316,
       -2.04465622]), array([-0.90496515, -7.33521357,  4.13397781, -4.6071971 , -2.00256419,
       -2.56312887]), array([-1.70263397, -7.38016089,  4.01669211, -4.68827918, -3.08925833,
       -3.584252  ]), array([-0.66832961, -7.33000696,  4.95517586, -5.08717875, -2.94559657,
       -3.28799226])], 2022-12-28 14:17:19.793357 
19, [array([0, 0, 0, 0, 0, 0]), array([ 0.40794534,  0.54933729, -0.25738668, -0.3569761 , -0.05708977,
       -0.36549668]), array([ 0.44359644, -0.07773785, -0.3746283 , -0.05687297,  0.8243217 ,
       -1.65185715]), array([ 1.61679191, -0.83191167, -0.7858941 , -0.6168981 ,  1.67641803,
       -0.92872314]), array([ 3.48577649, -2.54718163, -1.1494375 , -0.1928891 ,  1.89031213,
       -1.60677522]), array([ 3.54372399, -1.35131695,  0.01749389, -0.42811099,  1.16187833,
       -1.85449965]), array([ 2.49880744, -1.15157891,  0.29035342, -1.03427623,  2.15394777,
       -1.28161264]), array([ 2.16045634, -1.38230547,  0.58031368, -1.03120797,  1.8219527 ,
       -1.13762165]), array([ 3.12573691, -1.04604606,  1.18689643, -1.93554359,  0.7418451 ,
       -1.67031367]), array([ 3.51020599, -2.07607654,  0.38787739, -2.40764296,  0.90345821,
       -1.80575839]), array([ 3.94864602, -2.48233804,  1.92939862, -2.78530622,  1.09781869,
       -1.96955923]), array([ 3.07153212, -3.92534537,  2.19760349, -2.52688191,  0.45330728,
       -1.41853274]), array([ 2.60610375, -5.04698241,  1.56924765, -1.39711099,  0.37729764,
       -0.73171853]), array([ 1.50825242, -4.68133067,  0.58828649, -2.14256575, -2.70760898,
       -1.72338041]), array([-0.47306083, -3.69654411,  1.69658176, -3.06106795, -2.3023905 ,
       -1.80612609]), array([-1.05219125, -6.91700762,  4.22967283, -4.32807433, -1.72356316,
       -2.04465622]), array([-0.90496515, -7.33521357,  4.13397781, -4.6071971 , -2.00256419,
       -2.56312887]), array([-1.70263397, -7.38016089,  4.01669211, -4.68827918, -3.08925833,
       -3.584252  ]), array([-0.66832961, -7.33000696,  4.95517586, -5.08717875, -2.94559657,
       -3.28799226]), array([-1.49554047, -7.8828324 ,  4.02744734, -5.3492901 , -3.13099332,
       -2.23754775])], 2022-12-28 14:18:01.270074 
20, [array([0, 0, 0, 0, 0, 0]), array([ 0.40794534,  0.54933729, -0.25738668, -0.3569761 , -0.05708977,
       -0.36549668]), array([ 0.44359644, -0.07773785, -0.3746283 , -0.05687297,  0.8243217 ,
       -1.65185715]), array([ 1.61679191, -0.83191167, -0.7858941 , -0.6168981 ,  1.67641803,
       -0.92872314]), array([ 3.48577649, -2.54718163, -1.1494375 , -0.1928891 ,  1.89031213,
       -1.60677522]), array([ 3.54372399, -1.35131695,  0.01749389, -0.42811099,  1.16187833,
       -1.85449965]), array([ 2.49880744, -1.15157891,  0.29035342, -1.03427623,  2.15394777,
       -1.28161264]), array([ 2.16045634, -1.38230547,  0.58031368, -1.03120797,  1.8219527 ,
       -1.13762165]), array([ 3.12573691, -1.04604606,  1.18689643, -1.93554359,  0.7418451 ,
       -1.67031367]), array([ 3.51020599, -2.07607654,  0.38787739, -2.40764296,  0.90345821,
       -1.80575839]), array([ 3.94864602, -2.48233804,  1.92939862, -2.78530622,  1.09781869,
       -1.96955923]), array([ 3.07153212, -3.92534537,  2.19760349, -2.52688191,  0.45330728,
       -1.41853274]), array([ 2.60610375, -5.04698241,  1.56924765, -1.39711099,  0.37729764,
       -0.73171853]), array([ 1.50825242, -4.68133067,  0.58828649, -2.14256575, -2.70760898,
       -1.72338041]), array([-0.47306083, -3.69654411,  1.69658176, -3.06106795, -2.3023905 ,
       -1.80612609]), array([-1.05219125, -6.91700762,  4.22967283, -4.32807433, -1.72356316,
       -2.04465622]), array([-0.90496515, -7.33521357,  4.13397781, -4.6071971 , -2.00256419,
       -2.56312887]), array([-1.70263397, -7.38016089,  4.01669211, -4.68827918, -3.08925833,
       -3.584252  ]), array([-0.66832961, -7.33000696,  4.95517586, -5.08717875, -2.94559657,
       -3.28799226]), array([-1.49554047, -7.8828324 ,  4.02744734, -5.3492901 , -3.13099332,
       -2.23754775]), array([-0.87058617, -8.22207923,  3.09350394, -6.41844917, -2.53800469,
       -0.8787594 ])], 2022-12-28 14:18:49.229017 
21, [array([0, 0, 0, 0, 0, 0]), array([ 0.40794534,  0.54933729, -0.25738668, -0.3569761 , -0.05708977,
       -0.36549668]), array([ 0.44359644, -0.07773785, -0.3746283 , -0.05687297,  0.8243217 ,
       -1.65185715]), array([ 1.61679191, -0.83191167, -0.7858941 , -0.6168981 ,  1.67641803,
       -0.92872314]), array([ 3.48577649, -2.54718163, -1.1494375 , -0.1928891 ,  1.89031213,
       -1.60677522]), array([ 3.54372399, -1.35131695,  0.01749389, -0.42811099,  1.16187833,
       -1.85449965]), array([ 2.49880744, -1.15157891,  0.29035342, -1.03427623,  2.15394777,
       -1.28161264]), array([ 2.16045634, -1.38230547,  0.58031368, -1.03120797,  1.8219527 ,
       -1.13762165]), array([ 3.12573691, -1.04604606,  1.18689643, -1.93554359,  0.7418451 ,
       -1.67031367]), array([ 3.51020599, -2.07607654,  0.38787739, -2.40764296,  0.90345821,
       -1.80575839]), array([ 3.94864602, -2.48233804,  1.92939862, -2.78530622,  1.09781869,
       -1.96955923]), array([ 3.07153212, -3.92534537,  2.19760349, -2.52688191,  0.45330728,
       -1.41853274]), array([ 2.60610375, -5.04698241,  1.56924765, -1.39711099,  0.37729764,
       -0.73171853]), array([ 1.50825242, -4.68133067,  0.58828649, -2.14256575, -2.70760898,
       -1.72338041]), array([-0.47306083, -3.69654411,  1.69658176, -3.06106795, -2.3023905 ,
       -1.80612609]), array([-1.05219125, -6.91700762,  4.22967283, -4.32807433, -1.72356316,
       -2.04465622]), array([-0.90496515, -7.33521357,  4.13397781, -4.6071971 , -2.00256419,
       -2.56312887]), array([-1.70263397, -7.38016089,  4.01669211, -4.68827918, -3.08925833,
       -3.584252  ]), array([-0.66832961, -7.33000696,  4.95517586, -5.08717875, -2.94559657,
       -3.28799226]), array([-1.49554047, -7.8828324 ,  4.02744734, -5.3492901 , -3.13099332,
       -2.23754775]), array([-0.87058617, -8.22207923,  3.09350394, -6.41844917, -2.53800469,
       -0.8787594 ]), array([-1.49494469, -6.72376553,  2.2642135 , -4.83097039, -1.2202999 ,
        0.14448214])], 2022-12-28 14:20:31.698743 
22, [array([0, 0, 0, 0, 0, 0]), array([ 0.40794534,  0.54933729, -0.25738668, -0.3569761 , -0.05708977,
       -0.36549668]), array([ 0.44359644, -0.07773785, -0.3746283 , -0.05687297,  0.8243217 ,
       -1.65185715]), array([ 1.61679191, -0.83191167, -0.7858941 , -0.6168981 ,  1.67641803,
       -0.92872314]), array([ 3.48577649, -2.54718163, -1.1494375 , -0.1928891 ,  1.89031213,
       -1.60677522]), array([ 3.54372399, -1.35131695,  0.01749389, -0.42811099,  1.16187833,
       -1.85449965]), array([ 2.49880744, -1.15157891,  0.29035342, -1.03427623,  2.15394777,
       -1.28161264]), array([ 2.16045634, -1.38230547,  0.58031368, -1.03120797,  1.8219527 ,
       -1.13762165]), array([ 3.12573691, -1.04604606,  1.18689643, -1.93554359,  0.7418451 ,
       -1.67031367]), array([ 3.51020599, -2.07607654,  0.38787739, -2.40764296,  0.90345821,
       -1.80575839]), array([ 3.94864602, -2.48233804,  1.92939862, -2.78530622,  1.09781869,
       -1.96955923]), array([ 3.07153212, -3.92534537,  2.19760349, -2.52688191,  0.45330728,
       -1.41853274]), array([ 2.60610375, -5.04698241,  1.56924765, -1.39711099,  0.37729764,
       -0.73171853]), array([ 1.50825242, -4.68133067,  0.58828649, -2.14256575, -2.70760898,
       -1.72338041]), array([-0.47306083, -3.69654411,  1.69658176, -3.06106795, -2.3023905 ,
       -1.80612609]), array([-1.05219125, -6.91700762,  4.22967283, -4.32807433, -1.72356316,
       -2.04465622]), array([-0.90496515, -7.33521357,  4.13397781, -4.6071971 , -2.00256419,
       -2.56312887]), array([-1.70263397, -7.38016089,  4.01669211, -4.68827918, -3.08925833,
       -3.584252  ]), array([-0.66832961, -7.33000696,  4.95517586, -5.08717875, -2.94559657,
       -3.28799226]), array([-1.49554047, -7.8828324 ,  4.02744734, -5.3492901 , -3.13099332,
       -2.23754775]), array([-0.87058617, -8.22207923,  3.09350394, -6.41844917, -2.53800469,
       -0.8787594 ]), array([-1.49494469, -6.72376553,  2.2642135 , -4.83097039, -1.2202999 ,
        0.14448214]), array([-1.03409009, -8.30545496,  1.36865334, -4.66600895, -0.41062482,
        1.66086299])], 2022-12-28 14:22:04.769906 
23, [array([0, 0, 0, 0, 0, 0]), array([ 0.40794534,  0.54933729, -0.25738668, -0.3569761 , -0.05708977,
       -0.36549668]), array([ 0.44359644, -0.07773785, -0.3746283 , -0.05687297,  0.8243217 ,
       -1.65185715]), array([ 1.61679191, -0.83191167, -0.7858941 , -0.6168981 ,  1.67641803,
       -0.92872314]), array([ 3.48577649, -2.54718163, -1.1494375 , -0.1928891 ,  1.89031213,
       -1.60677522]), array([ 3.54372399, -1.35131695,  0.01749389, -0.42811099,  1.16187833,
       -1.85449965]), array([ 2.49880744, -1.15157891,  0.29035342, -1.03427623,  2.15394777,
       -1.28161264]), array([ 2.16045634, -1.38230547,  0.58031368, -1.03120797,  1.8219527 ,
       -1.13762165]), array([ 3.12573691, -1.04604606,  1.18689643, -1.93554359,  0.7418451 ,
       -1.67031367]), array([ 3.51020599, -2.07607654,  0.38787739, -2.40764296,  0.90345821,
       -1.80575839]), array([ 3.94864602, -2.48233804,  1.92939862, -2.78530622,  1.09781869,
       -1.96955923]), array([ 3.07153212, -3.92534537,  2.19760349, -2.52688191,  0.45330728,
       -1.41853274]), array([ 2.60610375, -5.04698241,  1.56924765, -1.39711099,  0.37729764,
       -0.73171853]), array([ 1.50825242, -4.68133067,  0.58828649, -2.14256575, -2.70760898,
       -1.72338041]), array([-0.47306083, -3.69654411,  1.69658176, -3.06106795, -2.3023905 ,
       -1.80612609]), array([-1.05219125, -6.91700762,  4.22967283, -4.32807433, -1.72356316,
       -2.04465622]), array([-0.90496515, -7.33521357,  4.13397781, -4.6071971 , -2.00256419,
       -2.56312887]), array([-1.70263397, -7.38016089,  4.01669211, -4.68827918, -3.08925833,
       -3.584252  ]), array([-0.66832961, -7.33000696,  4.95517586, -5.08717875, -2.94559657,
       -3.28799226]), array([-1.49554047, -7.8828324 ,  4.02744734, -5.3492901 , -3.13099332,
       -2.23754775]), array([-0.87058617, -8.22207923,  3.09350394, -6.41844917, -2.53800469,
       -0.8787594 ]), array([-1.49494469, -6.72376553,  2.2642135 , -4.83097039, -1.2202999 ,
        0.14448214]), array([-1.03409009, -8.30545496,  1.36865334, -4.66600895, -0.41062482,
        1.66086299]), array([-2.34398462, -9.26625052, -1.06816943, -5.22409781, -2.07835166,
        5.26236336])], 2022-12-28 14:23:10.183544 
24, [array([0, 0, 0, 0, 0, 0]), array([ 0.40794534,  0.54933729, -0.25738668, -0.3569761 , -0.05708977,
       -0.36549668]), array([ 0.44359644, -0.07773785, -0.3746283 , -0.05687297,  0.8243217 ,
       -1.65185715]), array([ 1.61679191, -0.83191167, -0.7858941 , -0.6168981 ,  1.67641803,
       -0.92872314]), array([ 3.48577649, -2.54718163, -1.1494375 , -0.1928891 ,  1.89031213,
       -1.60677522]), array([ 3.54372399, -1.35131695,  0.01749389, -0.42811099,  1.16187833,
       -1.85449965]), array([ 2.49880744, -1.15157891,  0.29035342, -1.03427623,  2.15394777,
       -1.28161264]), array([ 2.16045634, -1.38230547,  0.58031368, -1.03120797,  1.8219527 ,
       -1.13762165]), array([ 3.12573691, -1.04604606,  1.18689643, -1.93554359,  0.7418451 ,
       -1.67031367]), array([ 3.51020599, -2.07607654,  0.38787739, -2.40764296,  0.90345821,
       -1.80575839]), array([ 3.94864602, -2.48233804,  1.92939862, -2.78530622,  1.09781869,
       -1.96955923]), array([ 3.07153212, -3.92534537,  2.19760349, -2.52688191,  0.45330728,
       -1.41853274]), array([ 2.60610375, -5.04698241,  1.56924765, -1.39711099,  0.37729764,
       -0.73171853]), array([ 1.50825242, -4.68133067,  0.58828649, -2.14256575, -2.70760898,
       -1.72338041]), array([-0.47306083, -3.69654411,  1.69658176, -3.06106795, -2.3023905 ,
       -1.80612609]), array([-1.05219125, -6.91700762,  4.22967283, -4.32807433, -1.72356316,
       -2.04465622]), array([-0.90496515, -7.33521357,  4.13397781, -4.6071971 , -2.00256419,
       -2.56312887]), array([-1.70263397, -7.38016089,  4.01669211, -4.68827918, -3.08925833,
       -3.584252  ]), array([-0.66832961, -7.33000696,  4.95517586, -5.08717875, -2.94559657,
       -3.28799226]), array([-1.49554047, -7.8828324 ,  4.02744734, -5.3492901 , -3.13099332,
       -2.23754775]), array([-0.87058617, -8.22207923,  3.09350394, -6.41844917, -2.53800469,
       -0.8787594 ]), array([-1.49494469, -6.72376553,  2.2642135 , -4.83097039, -1.2202999 ,
        0.14448214]), array([-1.03409009, -8.30545496,  1.36865334, -4.66600895, -0.41062482,
        1.66086299]), array([-2.34398462, -9.26625052, -1.06816943, -5.22409781, -2.07835166,
        5.26236336]), array([ -3.15199812, -10.10794446,  -1.3315154 ,  -5.96323461,
        -2.12257294,   5.48603934])], 2022-12-28 14:24:20.768457 
25, [array([0, 0, 0, 0, 0, 0]), array([ 0.40794534,  0.54933729, -0.25738668, -0.3569761 , -0.05708977,
       -0.36549668]), array([ 0.44359644, -0.07773785, -0.3746283 , -0.05687297,  0.8243217 ,
       -1.65185715]), array([ 1.61679191, -0.83191167, -0.7858941 , -0.6168981 ,  1.67641803,
       -0.92872314]), array([ 3.48577649, -2.54718163, -1.1494375 , -0.1928891 ,  1.89031213,
       -1.60677522]), array([ 3.54372399, -1.35131695,  0.01749389, -0.42811099,  1.16187833,
       -1.85449965]), array([ 2.49880744, -1.15157891,  0.29035342, -1.03427623,  2.15394777,
       -1.28161264]), array([ 2.16045634, -1.38230547,  0.58031368, -1.03120797,  1.8219527 ,
       -1.13762165]), array([ 3.12573691, -1.04604606,  1.18689643, -1.93554359,  0.7418451 ,
       -1.67031367]), array([ 3.51020599, -2.07607654,  0.38787739, -2.40764296,  0.90345821,
       -1.80575839]), array([ 3.94864602, -2.48233804,  1.92939862, -2.78530622,  1.09781869,
       -1.96955923]), array([ 3.07153212, -3.92534537,  2.19760349, -2.52688191,  0.45330728,
       -1.41853274]), array([ 2.60610375, -5.04698241,  1.56924765, -1.39711099,  0.37729764,
       -0.73171853]), array([ 1.50825242, -4.68133067,  0.58828649, -2.14256575, -2.70760898,
       -1.72338041]), array([-0.47306083, -3.69654411,  1.69658176, -3.06106795, -2.3023905 ,
       -1.80612609]), array([-1.05219125, -6.91700762,  4.22967283, -4.32807433, -1.72356316,
       -2.04465622]), array([-0.90496515, -7.33521357,  4.13397781, -4.6071971 , -2.00256419,
       -2.56312887]), array([-1.70263397, -7.38016089,  4.01669211, -4.68827918, -3.08925833,
       -3.584252  ]), array([-0.66832961, -7.33000696,  4.95517586, -5.08717875, -2.94559657,
       -3.28799226]), array([-1.49554047, -7.8828324 ,  4.02744734, -5.3492901 , -3.13099332,
       -2.23754775]), array([-0.87058617, -8.22207923,  3.09350394, -6.41844917, -2.53800469,
       -0.8787594 ]), array([-1.49494469, -6.72376553,  2.2642135 , -4.83097039, -1.2202999 ,
        0.14448214]), array([-1.03409009, -8.30545496,  1.36865334, -4.66600895, -0.41062482,
        1.66086299]), array([-2.34398462, -9.26625052, -1.06816943, -5.22409781, -2.07835166,
        5.26236336]), array([ -3.15199812, -10.10794446,  -1.3315154 ,  -5.96323461,
        -2.12257294,   5.48603934]), array([-3.68997809, -7.55844472, -1.82515029, -8.13643795,  0.67139804,
        4.95015611])], 2022-12-28 14:25:22.327729 
26, [array([0, 0, 0, 0, 0, 0]), array([ 0.40794534,  0.54933729, -0.25738668, -0.3569761 , -0.05708977,
       -0.36549668]), array([ 0.44359644, -0.07773785, -0.3746283 , -0.05687297,  0.8243217 ,
       -1.65185715]), array([ 1.61679191, -0.83191167, -0.7858941 , -0.6168981 ,  1.67641803,
       -0.92872314]), array([ 3.48577649, -2.54718163, -1.1494375 , -0.1928891 ,  1.89031213,
       -1.60677522]), array([ 3.54372399, -1.35131695,  0.01749389, -0.42811099,  1.16187833,
       -1.85449965]), array([ 2.49880744, -1.15157891,  0.29035342, -1.03427623,  2.15394777,
       -1.28161264]), array([ 2.16045634, -1.38230547,  0.58031368, -1.03120797,  1.8219527 ,
       -1.13762165]), array([ 3.12573691, -1.04604606,  1.18689643, -1.93554359,  0.7418451 ,
       -1.67031367]), array([ 3.51020599, -2.07607654,  0.38787739, -2.40764296,  0.90345821,
       -1.80575839]), array([ 3.94864602, -2.48233804,  1.92939862, -2.78530622,  1.09781869,
       -1.96955923]), array([ 3.07153212, -3.92534537,  2.19760349, -2.52688191,  0.45330728,
       -1.41853274]), array([ 2.60610375, -5.04698241,  1.56924765, -1.39711099,  0.37729764,
       -0.73171853]), array([ 1.50825242, -4.68133067,  0.58828649, -2.14256575, -2.70760898,
       -1.72338041]), array([-0.47306083, -3.69654411,  1.69658176, -3.06106795, -2.3023905 ,
       -1.80612609]), array([-1.05219125, -6.91700762,  4.22967283, -4.32807433, -1.72356316,
       -2.04465622]), array([-0.90496515, -7.33521357,  4.13397781, -4.6071971 , -2.00256419,
       -2.56312887]), array([-1.70263397, -7.38016089,  4.01669211, -4.68827918, -3.08925833,
       -3.584252  ]), array([-0.66832961, -7.33000696,  4.95517586, -5.08717875, -2.94559657,
       -3.28799226]), array([-1.49554047, -7.8828324 ,  4.02744734, -5.3492901 , -3.13099332,
       -2.23754775]), array([-0.87058617, -8.22207923,  3.09350394, -6.41844917, -2.53800469,
       -0.8787594 ]), array([-1.49494469, -6.72376553,  2.2642135 , -4.83097039, -1.2202999 ,
        0.14448214]), array([-1.03409009, -8.30545496,  1.36865334, -4.66600895, -0.41062482,
        1.66086299]), array([-2.34398462, -9.26625052, -1.06816943, -5.22409781, -2.07835166,
        5.26236336]), array([ -3.15199812, -10.10794446,  -1.3315154 ,  -5.96323461,
        -2.12257294,   5.48603934]), array([-3.68997809, -7.55844472, -1.82515029, -8.13643795,  0.67139804,
        4.95015611]), array([-3.11193189, -7.75334917, -1.93392857, -8.93212354,  1.61615195,
        3.22759184])], 2022-12-28 14:28:31.248307 
27, [array([0, 0, 0, 0, 0, 0]), array([ 0.40794534,  0.54933729, -0.25738668, -0.3569761 , -0.05708977,
       -0.36549668]), array([ 0.44359644, -0.07773785, -0.3746283 , -0.05687297,  0.8243217 ,
       -1.65185715]), array([ 1.61679191, -0.83191167, -0.7858941 , -0.6168981 ,  1.67641803,
       -0.92872314]), array([ 3.48577649, -2.54718163, -1.1494375 , -0.1928891 ,  1.89031213,
       -1.60677522]), array([ 3.54372399, -1.35131695,  0.01749389, -0.42811099,  1.16187833,
       -1.85449965]), array([ 2.49880744, -1.15157891,  0.29035342, -1.03427623,  2.15394777,
       -1.28161264]), array([ 2.16045634, -1.38230547,  0.58031368, -1.03120797,  1.8219527 ,
       -1.13762165]), array([ 3.12573691, -1.04604606,  1.18689643, -1.93554359,  0.7418451 ,
       -1.67031367]), array([ 3.51020599, -2.07607654,  0.38787739, -2.40764296,  0.90345821,
       -1.80575839]), array([ 3.94864602, -2.48233804,  1.92939862, -2.78530622,  1.09781869,
       -1.96955923]), array([ 3.07153212, -3.92534537,  2.19760349, -2.52688191,  0.45330728,
       -1.41853274]), array([ 2.60610375, -5.04698241,  1.56924765, -1.39711099,  0.37729764,
       -0.73171853]), array([ 1.50825242, -4.68133067,  0.58828649, -2.14256575, -2.70760898,
       -1.72338041]), array([-0.47306083, -3.69654411,  1.69658176, -3.06106795, -2.3023905 ,
       -1.80612609]), array([-1.05219125, -6.91700762,  4.22967283, -4.32807433, -1.72356316,
       -2.04465622]), array([-0.90496515, -7.33521357,  4.13397781, -4.6071971 , -2.00256419,
       -2.56312887]), array([-1.70263397, -7.38016089,  4.01669211, -4.68827918, -3.08925833,
       -3.584252  ]), array([-0.66832961, -7.33000696,  4.95517586, -5.08717875, -2.94559657,
       -3.28799226]), array([-1.49554047, -7.8828324 ,  4.02744734, -5.3492901 , -3.13099332,
       -2.23754775]), array([-0.87058617, -8.22207923,  3.09350394, -6.41844917, -2.53800469,
       -0.8787594 ]), array([-1.49494469, -6.72376553,  2.2642135 , -4.83097039, -1.2202999 ,
        0.14448214]), array([-1.03409009, -8.30545496,  1.36865334, -4.66600895, -0.41062482,
        1.66086299]), array([-2.34398462, -9.26625052, -1.06816943, -5.22409781, -2.07835166,
        5.26236336]), array([ -3.15199812, -10.10794446,  -1.3315154 ,  -5.96323461,
        -2.12257294,   5.48603934]), array([-3.68997809, -7.55844472, -1.82515029, -8.13643795,  0.67139804,
        4.95015611]), array([-3.11193189, -7.75334917, -1.93392857, -8.93212354,  1.61615195,
        3.22759184]), array([ -4.7125196 ,  -8.20281832,  -0.96989047, -10.13274808,
         1.56285333,   2.71083659])], 2022-12-28 14:29:41.718803 
28, [array([0, 0, 0, 0, 0, 0]), array([ 0.40794534,  0.54933729, -0.25738668, -0.3569761 , -0.05708977,
       -0.36549668]), array([ 0.44359644, -0.07773785, -0.3746283 , -0.05687297,  0.8243217 ,
       -1.65185715]), array([ 1.61679191, -0.83191167, -0.7858941 , -0.6168981 ,  1.67641803,
       -0.92872314]), array([ 3.48577649, -2.54718163, -1.1494375 , -0.1928891 ,  1.89031213,
       -1.60677522]), array([ 3.54372399, -1.35131695,  0.01749389, -0.42811099,  1.16187833,
       -1.85449965]), array([ 2.49880744, -1.15157891,  0.29035342, -1.03427623,  2.15394777,
       -1.28161264]), array([ 2.16045634, -1.38230547,  0.58031368, -1.03120797,  1.8219527 ,
       -1.13762165]), array([ 3.12573691, -1.04604606,  1.18689643, -1.93554359,  0.7418451 ,
       -1.67031367]), array([ 3.51020599, -2.07607654,  0.38787739, -2.40764296,  0.90345821,
       -1.80575839]), array([ 3.94864602, -2.48233804,  1.92939862, -2.78530622,  1.09781869,
       -1.96955923]), array([ 3.07153212, -3.92534537,  2.19760349, -2.52688191,  0.45330728,
       -1.41853274]), array([ 2.60610375, -5.04698241,  1.56924765, -1.39711099,  0.37729764,
       -0.73171853]), array([ 1.50825242, -4.68133067,  0.58828649, -2.14256575, -2.70760898,
       -1.72338041]), array([-0.47306083, -3.69654411,  1.69658176, -3.06106795, -2.3023905 ,
       -1.80612609]), array([-1.05219125, -6.91700762,  4.22967283, -4.32807433, -1.72356316,
       -2.04465622]), array([-0.90496515, -7.33521357,  4.13397781, -4.6071971 , -2.00256419,
       -2.56312887]), array([-1.70263397, -7.38016089,  4.01669211, -4.68827918, -3.08925833,
       -3.584252  ]), array([-0.66832961, -7.33000696,  4.95517586, -5.08717875, -2.94559657,
       -3.28799226]), array([-1.49554047, -7.8828324 ,  4.02744734, -5.3492901 , -3.13099332,
       -2.23754775]), array([-0.87058617, -8.22207923,  3.09350394, -6.41844917, -2.53800469,
       -0.8787594 ]), array([-1.49494469, -6.72376553,  2.2642135 , -4.83097039, -1.2202999 ,
        0.14448214]), array([-1.03409009, -8.30545496,  1.36865334, -4.66600895, -0.41062482,
        1.66086299]), array([-2.34398462, -9.26625052, -1.06816943, -5.22409781, -2.07835166,
        5.26236336]), array([ -3.15199812, -10.10794446,  -1.3315154 ,  -5.96323461,
        -2.12257294,   5.48603934]), array([-3.68997809, -7.55844472, -1.82515029, -8.13643795,  0.67139804,
        4.95015611]), array([-3.11193189, -7.75334917, -1.93392857, -8.93212354,  1.61615195,
        3.22759184]), array([ -4.7125196 ,  -8.20281832,  -0.96989047, -10.13274808,
         1.56285333,   2.71083659]), array([-2.63940551, -7.55125716, -2.48261929, -8.88998864,  0.23220328,
        4.06273698])], 2022-12-28 14:32:23.500190 
29, [array([0, 0, 0, 0, 0, 0]), array([ 0.40794534,  0.54933729, -0.25738668, -0.3569761 , -0.05708977,
       -0.36549668]), array([ 0.44359644, -0.07773785, -0.3746283 , -0.05687297,  0.8243217 ,
       -1.65185715]), array([ 1.61679191, -0.83191167, -0.7858941 , -0.6168981 ,  1.67641803,
       -0.92872314]), array([ 3.48577649, -2.54718163, -1.1494375 , -0.1928891 ,  1.89031213,
       -1.60677522]), array([ 3.54372399, -1.35131695,  0.01749389, -0.42811099,  1.16187833,
       -1.85449965]), array([ 2.49880744, -1.15157891,  0.29035342, -1.03427623,  2.15394777,
       -1.28161264]), array([ 2.16045634, -1.38230547,  0.58031368, -1.03120797,  1.8219527 ,
       -1.13762165]), array([ 3.12573691, -1.04604606,  1.18689643, -1.93554359,  0.7418451 ,
       -1.67031367]), array([ 3.51020599, -2.07607654,  0.38787739, -2.40764296,  0.90345821,
       -1.80575839]), array([ 3.94864602, -2.48233804,  1.92939862, -2.78530622,  1.09781869,
       -1.96955923]), array([ 3.07153212, -3.92534537,  2.19760349, -2.52688191,  0.45330728,
       -1.41853274]), array([ 2.60610375, -5.04698241,  1.56924765, -1.39711099,  0.37729764,
       -0.73171853]), array([ 1.50825242, -4.68133067,  0.58828649, -2.14256575, -2.70760898,
       -1.72338041]), array([-0.47306083, -3.69654411,  1.69658176, -3.06106795, -2.3023905 ,
       -1.80612609]), array([-1.05219125, -6.91700762,  4.22967283, -4.32807433, -1.72356316,
       -2.04465622]), array([-0.90496515, -7.33521357,  4.13397781, -4.6071971 , -2.00256419,
       -2.56312887]), array([-1.70263397, -7.38016089,  4.01669211, -4.68827918, -3.08925833,
       -3.584252  ]), array([-0.66832961, -7.33000696,  4.95517586, -5.08717875, -2.94559657,
       -3.28799226]), array([-1.49554047, -7.8828324 ,  4.02744734, -5.3492901 , -3.13099332,
       -2.23754775]), array([-0.87058617, -8.22207923,  3.09350394, -6.41844917, -2.53800469,
       -0.8787594 ]), array([-1.49494469, -6.72376553,  2.2642135 , -4.83097039, -1.2202999 ,
        0.14448214]), array([-1.03409009, -8.30545496,  1.36865334, -4.66600895, -0.41062482,
        1.66086299]), array([-2.34398462, -9.26625052, -1.06816943, -5.22409781, -2.07835166,
        5.26236336]), array([ -3.15199812, -10.10794446,  -1.3315154 ,  -5.96323461,
        -2.12257294,   5.48603934]), array([-3.68997809, -7.55844472, -1.82515029, -8.13643795,  0.67139804,
        4.95015611]), array([-3.11193189, -7.75334917, -1.93392857, -8.93212354,  1.61615195,
        3.22759184]), array([ -4.7125196 ,  -8.20281832,  -0.96989047, -10.13274808,
         1.56285333,   2.71083659]), array([-2.63940551, -7.55125716, -2.48261929, -8.88998864,  0.23220328,
        4.06273698]), array([-1.91216853, -7.70542972, -0.59106125, -9.99214257,  1.72675073,
        5.42210126])], 2022-12-28 14:33:55.477252 
30, [array([0, 0, 0, 0, 0, 0]), array([ 0.40794534,  0.54933729, -0.25738668, -0.3569761 , -0.05708977,
       -0.36549668]), array([ 0.44359644, -0.07773785, -0.3746283 , -0.05687297,  0.8243217 ,
       -1.65185715]), array([ 1.61679191, -0.83191167, -0.7858941 , -0.6168981 ,  1.67641803,
       -0.92872314]), array([ 3.48577649, -2.54718163, -1.1494375 , -0.1928891 ,  1.89031213,
       -1.60677522]), array([ 3.54372399, -1.35131695,  0.01749389, -0.42811099,  1.16187833,
       -1.85449965]), array([ 2.49880744, -1.15157891,  0.29035342, -1.03427623,  2.15394777,
       -1.28161264]), array([ 2.16045634, -1.38230547,  0.58031368, -1.03120797,  1.8219527 ,
       -1.13762165]), array([ 3.12573691, -1.04604606,  1.18689643, -1.93554359,  0.7418451 ,
       -1.67031367]), array([ 3.51020599, -2.07607654,  0.38787739, -2.40764296,  0.90345821,
       -1.80575839]), array([ 3.94864602, -2.48233804,  1.92939862, -2.78530622,  1.09781869,
       -1.96955923]), array([ 3.07153212, -3.92534537,  2.19760349, -2.52688191,  0.45330728,
       -1.41853274]), array([ 2.60610375, -5.04698241,  1.56924765, -1.39711099,  0.37729764,
       -0.73171853]), array([ 1.50825242, -4.68133067,  0.58828649, -2.14256575, -2.70760898,
       -1.72338041]), array([-0.47306083, -3.69654411,  1.69658176, -3.06106795, -2.3023905 ,
       -1.80612609]), array([-1.05219125, -6.91700762,  4.22967283, -4.32807433, -1.72356316,
       -2.04465622]), array([-0.90496515, -7.33521357,  4.13397781, -4.6071971 , -2.00256419,
       -2.56312887]), array([-1.70263397, -7.38016089,  4.01669211, -4.68827918, -3.08925833,
       -3.584252  ]), array([-0.66832961, -7.33000696,  4.95517586, -5.08717875, -2.94559657,
       -3.28799226]), array([-1.49554047, -7.8828324 ,  4.02744734, -5.3492901 , -3.13099332,
       -2.23754775]), array([-0.87058617, -8.22207923,  3.09350394, -6.41844917, -2.53800469,
       -0.8787594 ]), array([-1.49494469, -6.72376553,  2.2642135 , -4.83097039, -1.2202999 ,
        0.14448214]), array([-1.03409009, -8.30545496,  1.36865334, -4.66600895, -0.41062482,
        1.66086299]), array([-2.34398462, -9.26625052, -1.06816943, -5.22409781, -2.07835166,
        5.26236336]), array([ -3.15199812, -10.10794446,  -1.3315154 ,  -5.96323461,
        -2.12257294,   5.48603934]), array([-3.68997809, -7.55844472, -1.82515029, -8.13643795,  0.67139804,
        4.95015611]), array([-3.11193189, -7.75334917, -1.93392857, -8.93212354,  1.61615195,
        3.22759184]), array([ -4.7125196 ,  -8.20281832,  -0.96989047, -10.13274808,
         1.56285333,   2.71083659]), array([-2.63940551, -7.55125716, -2.48261929, -8.88998864,  0.23220328,
        4.06273698]), array([-1.91216853, -7.70542972, -0.59106125, -9.99214257,  1.72675073,
        5.42210126]), array([ -1.92119325,  -8.4351418 ,  -2.44782527, -11.35265908,
         1.3401078 ,   5.2676812 ])], 2022-12-28 14:35:14.426562 
31, [array([0, 0, 0, 0, 0, 0]), array([ 0.40794534,  0.54933729, -0.25738668, -0.3569761 , -0.05708977,
       -0.36549668]), array([ 0.44359644, -0.07773785, -0.3746283 , -0.05687297,  0.8243217 ,
       -1.65185715]), array([ 1.61679191, -0.83191167, -0.7858941 , -0.6168981 ,  1.67641803,
       -0.92872314]), array([ 3.48577649, -2.54718163, -1.1494375 , -0.1928891 ,  1.89031213,
       -1.60677522]), array([ 3.54372399, -1.35131695,  0.01749389, -0.42811099,  1.16187833,
       -1.85449965]), array([ 2.49880744, -1.15157891,  0.29035342, -1.03427623,  2.15394777,
       -1.28161264]), array([ 2.16045634, -1.38230547,  0.58031368, -1.03120797,  1.8219527 ,
       -1.13762165]), array([ 3.12573691, -1.04604606,  1.18689643, -1.93554359,  0.7418451 ,
       -1.67031367]), array([ 3.51020599, -2.07607654,  0.38787739, -2.40764296,  0.90345821,
       -1.80575839]), array([ 3.94864602, -2.48233804,  1.92939862, -2.78530622,  1.09781869,
       -1.96955923]), array([ 3.07153212, -3.92534537,  2.19760349, -2.52688191,  0.45330728,
       -1.41853274]), array([ 2.60610375, -5.04698241,  1.56924765, -1.39711099,  0.37729764,
       -0.73171853]), array([ 1.50825242, -4.68133067,  0.58828649, -2.14256575, -2.70760898,
       -1.72338041]), array([-0.47306083, -3.69654411,  1.69658176, -3.06106795, -2.3023905 ,
       -1.80612609]), array([-1.05219125, -6.91700762,  4.22967283, -4.32807433, -1.72356316,
       -2.04465622]), array([-0.90496515, -7.33521357,  4.13397781, -4.6071971 , -2.00256419,
       -2.56312887]), array([-1.70263397, -7.38016089,  4.01669211, -4.68827918, -3.08925833,
       -3.584252  ]), array([-0.66832961, -7.33000696,  4.95517586, -5.08717875, -2.94559657,
       -3.28799226]), array([-1.49554047, -7.8828324 ,  4.02744734, -5.3492901 , -3.13099332,
       -2.23754775]), array([-0.87058617, -8.22207923,  3.09350394, -6.41844917, -2.53800469,
       -0.8787594 ]), array([-1.49494469, -6.72376553,  2.2642135 , -4.83097039, -1.2202999 ,
        0.14448214]), array([-1.03409009, -8.30545496,  1.36865334, -4.66600895, -0.41062482,
        1.66086299]), array([-2.34398462, -9.26625052, -1.06816943, -5.22409781, -2.07835166,
        5.26236336]), array([ -3.15199812, -10.10794446,  -1.3315154 ,  -5.96323461,
        -2.12257294,   5.48603934]), array([-3.68997809, -7.55844472, -1.82515029, -8.13643795,  0.67139804,
        4.95015611]), array([-3.11193189, -7.75334917, -1.93392857, -8.93212354,  1.61615195,
        3.22759184]), array([ -4.7125196 ,  -8.20281832,  -0.96989047, -10.13274808,
         1.56285333,   2.71083659]), array([-2.63940551, -7.55125716, -2.48261929, -8.88998864,  0.23220328,
        4.06273698]), array([-1.91216853, -7.70542972, -0.59106125, -9.99214257,  1.72675073,
        5.42210126]), array([ -1.92119325,  -8.4351418 ,  -2.44782527, -11.35265908,
         1.3401078 ,   5.2676812 ]), array([ -1.46579226,  -8.36045355,  -1.12647644, -12.01529371,
         0.4383688 ,   5.63072522])], 2022-12-28 14:36:35.670131 
32, [array([0, 0, 0, 0, 0, 0]), array([ 0.40794534,  0.54933729, -0.25738668, -0.3569761 , -0.05708977,
       -0.36549668]), array([ 0.44359644, -0.07773785, -0.3746283 , -0.05687297,  0.8243217 ,
       -1.65185715]), array([ 1.61679191, -0.83191167, -0.7858941 , -0.6168981 ,  1.67641803,
       -0.92872314]), array([ 3.48577649, -2.54718163, -1.1494375 , -0.1928891 ,  1.89031213,
       -1.60677522]), array([ 3.54372399, -1.35131695,  0.01749389, -0.42811099,  1.16187833,
       -1.85449965]), array([ 2.49880744, -1.15157891,  0.29035342, -1.03427623,  2.15394777,
       -1.28161264]), array([ 2.16045634, -1.38230547,  0.58031368, -1.03120797,  1.8219527 ,
       -1.13762165]), array([ 3.12573691, -1.04604606,  1.18689643, -1.93554359,  0.7418451 ,
       -1.67031367]), array([ 3.51020599, -2.07607654,  0.38787739, -2.40764296,  0.90345821,
       -1.80575839]), array([ 3.94864602, -2.48233804,  1.92939862, -2.78530622,  1.09781869,
       -1.96955923]), array([ 3.07153212, -3.92534537,  2.19760349, -2.52688191,  0.45330728,
       -1.41853274]), array([ 2.60610375, -5.04698241,  1.56924765, -1.39711099,  0.37729764,
       -0.73171853]), array([ 1.50825242, -4.68133067,  0.58828649, -2.14256575, -2.70760898,
       -1.72338041]), array([-0.47306083, -3.69654411,  1.69658176, -3.06106795, -2.3023905 ,
       -1.80612609]), array([-1.05219125, -6.91700762,  4.22967283, -4.32807433, -1.72356316,
       -2.04465622]), array([-0.90496515, -7.33521357,  4.13397781, -4.6071971 , -2.00256419,
       -2.56312887]), array([-1.70263397, -7.38016089,  4.01669211, -4.68827918, -3.08925833,
       -3.584252  ]), array([-0.66832961, -7.33000696,  4.95517586, -5.08717875, -2.94559657,
       -3.28799226]), array([-1.49554047, -7.8828324 ,  4.02744734, -5.3492901 , -3.13099332,
       -2.23754775]), array([-0.87058617, -8.22207923,  3.09350394, -6.41844917, -2.53800469,
       -0.8787594 ]), array([-1.49494469, -6.72376553,  2.2642135 , -4.83097039, -1.2202999 ,
        0.14448214]), array([-1.03409009, -8.30545496,  1.36865334, -4.66600895, -0.41062482,
        1.66086299]), array([-2.34398462, -9.26625052, -1.06816943, -5.22409781, -2.07835166,
        5.26236336]), array([ -3.15199812, -10.10794446,  -1.3315154 ,  -5.96323461,
        -2.12257294,   5.48603934]), array([-3.68997809, -7.55844472, -1.82515029, -8.13643795,  0.67139804,
        4.95015611]), array([-3.11193189, -7.75334917, -1.93392857, -8.93212354,  1.61615195,
        3.22759184]), array([ -4.7125196 ,  -8.20281832,  -0.96989047, -10.13274808,
         1.56285333,   2.71083659]), array([-2.63940551, -7.55125716, -2.48261929, -8.88998864,  0.23220328,
        4.06273698]), array([-1.91216853, -7.70542972, -0.59106125, -9.99214257,  1.72675073,
        5.42210126]), array([ -1.92119325,  -8.4351418 ,  -2.44782527, -11.35265908,
         1.3401078 ,   5.2676812 ]), array([ -1.46579226,  -8.36045355,  -1.12647644, -12.01529371,
         0.4383688 ,   5.63072522]), array([  4.00146551,  -8.20039209,  -1.78148322, -14.69479045,
        -0.61092782,   6.71339697])], 2022-12-28 14:37:56.397308 
33, [array([0, 0, 0, 0, 0, 0]), array([ 0.40794534,  0.54933729, -0.25738668, -0.3569761 , -0.05708977,
       -0.36549668]), array([ 0.44359644, -0.07773785, -0.3746283 , -0.05687297,  0.8243217 ,
       -1.65185715]), array([ 1.61679191, -0.83191167, -0.7858941 , -0.6168981 ,  1.67641803,
       -0.92872314]), array([ 3.48577649, -2.54718163, -1.1494375 , -0.1928891 ,  1.89031213,
       -1.60677522]), array([ 3.54372399, -1.35131695,  0.01749389, -0.42811099,  1.16187833,
       -1.85449965]), array([ 2.49880744, -1.15157891,  0.29035342, -1.03427623,  2.15394777,
       -1.28161264]), array([ 2.16045634, -1.38230547,  0.58031368, -1.03120797,  1.8219527 ,
       -1.13762165]), array([ 3.12573691, -1.04604606,  1.18689643, -1.93554359,  0.7418451 ,
       -1.67031367]), array([ 3.51020599, -2.07607654,  0.38787739, -2.40764296,  0.90345821,
       -1.80575839]), array([ 3.94864602, -2.48233804,  1.92939862, -2.78530622,  1.09781869,
       -1.96955923]), array([ 3.07153212, -3.92534537,  2.19760349, -2.52688191,  0.45330728,
       -1.41853274]), array([ 2.60610375, -5.04698241,  1.56924765, -1.39711099,  0.37729764,
       -0.73171853]), array([ 1.50825242, -4.68133067,  0.58828649, -2.14256575, -2.70760898,
       -1.72338041]), array([-0.47306083, -3.69654411,  1.69658176, -3.06106795, -2.3023905 ,
       -1.80612609]), array([-1.05219125, -6.91700762,  4.22967283, -4.32807433, -1.72356316,
       -2.04465622]), array([-0.90496515, -7.33521357,  4.13397781, -4.6071971 , -2.00256419,
       -2.56312887]), array([-1.70263397, -7.38016089,  4.01669211, -4.68827918, -3.08925833,
       -3.584252  ]), array([-0.66832961, -7.33000696,  4.95517586, -5.08717875, -2.94559657,
       -3.28799226]), array([-1.49554047, -7.8828324 ,  4.02744734, -5.3492901 , -3.13099332,
       -2.23754775]), array([-0.87058617, -8.22207923,  3.09350394, -6.41844917, -2.53800469,
       -0.8787594 ]), array([-1.49494469, -6.72376553,  2.2642135 , -4.83097039, -1.2202999 ,
        0.14448214]), array([-1.03409009, -8.30545496,  1.36865334, -4.66600895, -0.41062482,
        1.66086299]), array([-2.34398462, -9.26625052, -1.06816943, -5.22409781, -2.07835166,
        5.26236336]), array([ -3.15199812, -10.10794446,  -1.3315154 ,  -5.96323461,
        -2.12257294,   5.48603934]), array([-3.68997809, -7.55844472, -1.82515029, -8.13643795,  0.67139804,
        4.95015611]), array([-3.11193189, -7.75334917, -1.93392857, -8.93212354,  1.61615195,
        3.22759184]), array([ -4.7125196 ,  -8.20281832,  -0.96989047, -10.13274808,
         1.56285333,   2.71083659]), array([-2.63940551, -7.55125716, -2.48261929, -8.88998864,  0.23220328,
        4.06273698]), array([-1.91216853, -7.70542972, -0.59106125, -9.99214257,  1.72675073,
        5.42210126]), array([ -1.92119325,  -8.4351418 ,  -2.44782527, -11.35265908,
         1.3401078 ,   5.2676812 ]), array([ -1.46579226,  -8.36045355,  -1.12647644, -12.01529371,
         0.4383688 ,   5.63072522]), array([  4.00146551,  -8.20039209,  -1.78148322, -14.69479045,
        -0.61092782,   6.71339697]), array([  4.28397439, -12.72990872,  -1.24041544, -13.91778195,
         0.755136  ,   7.14436173])], 2022-12-28 14:39:26.080233 
34, [array([0, 0, 0, 0, 0, 0]), array([ 0.40794534,  0.54933729, -0.25738668, -0.3569761 , -0.05708977,
       -0.36549668]), array([ 0.44359644, -0.07773785, -0.3746283 , -0.05687297,  0.8243217 ,
       -1.65185715]), array([ 1.61679191, -0.83191167, -0.7858941 , -0.6168981 ,  1.67641803,
       -0.92872314]), array([ 3.48577649, -2.54718163, -1.1494375 , -0.1928891 ,  1.89031213,
       -1.60677522]), array([ 3.54372399, -1.35131695,  0.01749389, -0.42811099,  1.16187833,
       -1.85449965]), array([ 2.49880744, -1.15157891,  0.29035342, -1.03427623,  2.15394777,
       -1.28161264]), array([ 2.16045634, -1.38230547,  0.58031368, -1.03120797,  1.8219527 ,
       -1.13762165]), array([ 3.12573691, -1.04604606,  1.18689643, -1.93554359,  0.7418451 ,
       -1.67031367]), array([ 3.51020599, -2.07607654,  0.38787739, -2.40764296,  0.90345821,
       -1.80575839]), array([ 3.94864602, -2.48233804,  1.92939862, -2.78530622,  1.09781869,
       -1.96955923]), array([ 3.07153212, -3.92534537,  2.19760349, -2.52688191,  0.45330728,
       -1.41853274]), array([ 2.60610375, -5.04698241,  1.56924765, -1.39711099,  0.37729764,
       -0.73171853]), array([ 1.50825242, -4.68133067,  0.58828649, -2.14256575, -2.70760898,
       -1.72338041]), array([-0.47306083, -3.69654411,  1.69658176, -3.06106795, -2.3023905 ,
       -1.80612609]), array([-1.05219125, -6.91700762,  4.22967283, -4.32807433, -1.72356316,
       -2.04465622]), array([-0.90496515, -7.33521357,  4.13397781, -4.6071971 , -2.00256419,
       -2.56312887]), array([-1.70263397, -7.38016089,  4.01669211, -4.68827918, -3.08925833,
       -3.584252  ]), array([-0.66832961, -7.33000696,  4.95517586, -5.08717875, -2.94559657,
       -3.28799226]), array([-1.49554047, -7.8828324 ,  4.02744734, -5.3492901 , -3.13099332,
       -2.23754775]), array([-0.87058617, -8.22207923,  3.09350394, -6.41844917, -2.53800469,
       -0.8787594 ]), array([-1.49494469, -6.72376553,  2.2642135 , -4.83097039, -1.2202999 ,
        0.14448214]), array([-1.03409009, -8.30545496,  1.36865334, -4.66600895, -0.41062482,
        1.66086299]), array([-2.34398462, -9.26625052, -1.06816943, -5.22409781, -2.07835166,
        5.26236336]), array([ -3.15199812, -10.10794446,  -1.3315154 ,  -5.96323461,
        -2.12257294,   5.48603934]), array([-3.68997809, -7.55844472, -1.82515029, -8.13643795,  0.67139804,
        4.95015611]), array([-3.11193189, -7.75334917, -1.93392857, -8.93212354,  1.61615195,
        3.22759184]), array([ -4.7125196 ,  -8.20281832,  -0.96989047, -10.13274808,
         1.56285333,   2.71083659]), array([-2.63940551, -7.55125716, -2.48261929, -8.88998864,  0.23220328,
        4.06273698]), array([-1.91216853, -7.70542972, -0.59106125, -9.99214257,  1.72675073,
        5.42210126]), array([ -1.92119325,  -8.4351418 ,  -2.44782527, -11.35265908,
         1.3401078 ,   5.2676812 ]), array([ -1.46579226,  -8.36045355,  -1.12647644, -12.01529371,
         0.4383688 ,   5.63072522]), array([  4.00146551,  -8.20039209,  -1.78148322, -14.69479045,
        -0.61092782,   6.71339697]), array([  4.28397439, -12.72990872,  -1.24041544, -13.91778195,
         0.755136  ,   7.14436173]), array([  1.26012348, -13.10633008,  -5.28220798, -16.13284729,
         4.30085583,   5.92179749])], 2022-12-28 14:42:38.768495 
35, [array([0, 0, 0, 0, 0, 0]), array([ 0.40794534,  0.54933729, -0.25738668, -0.3569761 , -0.05708977,
       -0.36549668]), array([ 0.44359644, -0.07773785, -0.3746283 , -0.05687297,  0.8243217 ,
       -1.65185715]), array([ 1.61679191, -0.83191167, -0.7858941 , -0.6168981 ,  1.67641803,
       -0.92872314]), array([ 3.48577649, -2.54718163, -1.1494375 , -0.1928891 ,  1.89031213,
       -1.60677522]), array([ 3.54372399, -1.35131695,  0.01749389, -0.42811099,  1.16187833,
       -1.85449965]), array([ 2.49880744, -1.15157891,  0.29035342, -1.03427623,  2.15394777,
       -1.28161264]), array([ 2.16045634, -1.38230547,  0.58031368, -1.03120797,  1.8219527 ,
       -1.13762165]), array([ 3.12573691, -1.04604606,  1.18689643, -1.93554359,  0.7418451 ,
       -1.67031367]), array([ 3.51020599, -2.07607654,  0.38787739, -2.40764296,  0.90345821,
       -1.80575839]), array([ 3.94864602, -2.48233804,  1.92939862, -2.78530622,  1.09781869,
       -1.96955923]), array([ 3.07153212, -3.92534537,  2.19760349, -2.52688191,  0.45330728,
       -1.41853274]), array([ 2.60610375, -5.04698241,  1.56924765, -1.39711099,  0.37729764,
       -0.73171853]), array([ 1.50825242, -4.68133067,  0.58828649, -2.14256575, -2.70760898,
       -1.72338041]), array([-0.47306083, -3.69654411,  1.69658176, -3.06106795, -2.3023905 ,
       -1.80612609]), array([-1.05219125, -6.91700762,  4.22967283, -4.32807433, -1.72356316,
       -2.04465622]), array([-0.90496515, -7.33521357,  4.13397781, -4.6071971 , -2.00256419,
       -2.56312887]), array([-1.70263397, -7.38016089,  4.01669211, -4.68827918, -3.08925833,
       -3.584252  ]), array([-0.66832961, -7.33000696,  4.95517586, -5.08717875, -2.94559657,
       -3.28799226]), array([-1.49554047, -7.8828324 ,  4.02744734, -5.3492901 , -3.13099332,
       -2.23754775]), array([-0.87058617, -8.22207923,  3.09350394, -6.41844917, -2.53800469,
       -0.8787594 ]), array([-1.49494469, -6.72376553,  2.2642135 , -4.83097039, -1.2202999 ,
        0.14448214]), array([-1.03409009, -8.30545496,  1.36865334, -4.66600895, -0.41062482,
        1.66086299]), array([-2.34398462, -9.26625052, -1.06816943, -5.22409781, -2.07835166,
        5.26236336]), array([ -3.15199812, -10.10794446,  -1.3315154 ,  -5.96323461,
        -2.12257294,   5.48603934]), array([-3.68997809, -7.55844472, -1.82515029, -8.13643795,  0.67139804,
        4.95015611]), array([-3.11193189, -7.75334917, -1.93392857, -8.93212354,  1.61615195,
        3.22759184]), array([ -4.7125196 ,  -8.20281832,  -0.96989047, -10.13274808,
         1.56285333,   2.71083659]), array([-2.63940551, -7.55125716, -2.48261929, -8.88998864,  0.23220328,
        4.06273698]), array([-1.91216853, -7.70542972, -0.59106125, -9.99214257,  1.72675073,
        5.42210126]), array([ -1.92119325,  -8.4351418 ,  -2.44782527, -11.35265908,
         1.3401078 ,   5.2676812 ]), array([ -1.46579226,  -8.36045355,  -1.12647644, -12.01529371,
         0.4383688 ,   5.63072522]), array([  4.00146551,  -8.20039209,  -1.78148322, -14.69479045,
        -0.61092782,   6.71339697]), array([  4.28397439, -12.72990872,  -1.24041544, -13.91778195,
         0.755136  ,   7.14436173]), array([  1.26012348, -13.10633008,  -5.28220798, -16.13284729,
         4.30085583,   5.92179749]), array([ -4.67858736,  -9.5202936 ,  -2.63992188, -22.21395016,
         0.14644596,   2.591014  ])], 2022-12-28 14:44:23.764477 
36, [array([0, 0, 0, 0, 0, 0]), array([ 0.40794534,  0.54933729, -0.25738668, -0.3569761 , -0.05708977,
       -0.36549668]), array([ 0.44359644, -0.07773785, -0.3746283 , -0.05687297,  0.8243217 ,
       -1.65185715]), array([ 1.61679191, -0.83191167, -0.7858941 , -0.6168981 ,  1.67641803,
       -0.92872314]), array([ 3.48577649, -2.54718163, -1.1494375 , -0.1928891 ,  1.89031213,
       -1.60677522]), array([ 3.54372399, -1.35131695,  0.01749389, -0.42811099,  1.16187833,
       -1.85449965]), array([ 2.49880744, -1.15157891,  0.29035342, -1.03427623,  2.15394777,
       -1.28161264]), array([ 2.16045634, -1.38230547,  0.58031368, -1.03120797,  1.8219527 ,
       -1.13762165]), array([ 3.12573691, -1.04604606,  1.18689643, -1.93554359,  0.7418451 ,
       -1.67031367]), array([ 3.51020599, -2.07607654,  0.38787739, -2.40764296,  0.90345821,
       -1.80575839]), array([ 3.94864602, -2.48233804,  1.92939862, -2.78530622,  1.09781869,
       -1.96955923]), array([ 3.07153212, -3.92534537,  2.19760349, -2.52688191,  0.45330728,
       -1.41853274]), array([ 2.60610375, -5.04698241,  1.56924765, -1.39711099,  0.37729764,
       -0.73171853]), array([ 1.50825242, -4.68133067,  0.58828649, -2.14256575, -2.70760898,
       -1.72338041]), array([-0.47306083, -3.69654411,  1.69658176, -3.06106795, -2.3023905 ,
       -1.80612609]), array([-1.05219125, -6.91700762,  4.22967283, -4.32807433, -1.72356316,
       -2.04465622]), array([-0.90496515, -7.33521357,  4.13397781, -4.6071971 , -2.00256419,
       -2.56312887]), array([-1.70263397, -7.38016089,  4.01669211, -4.68827918, -3.08925833,
       -3.584252  ]), array([-0.66832961, -7.33000696,  4.95517586, -5.08717875, -2.94559657,
       -3.28799226]), array([-1.49554047, -7.8828324 ,  4.02744734, -5.3492901 , -3.13099332,
       -2.23754775]), array([-0.87058617, -8.22207923,  3.09350394, -6.41844917, -2.53800469,
       -0.8787594 ]), array([-1.49494469, -6.72376553,  2.2642135 , -4.83097039, -1.2202999 ,
        0.14448214]), array([-1.03409009, -8.30545496,  1.36865334, -4.66600895, -0.41062482,
        1.66086299]), array([-2.34398462, -9.26625052, -1.06816943, -5.22409781, -2.07835166,
        5.26236336]), array([ -3.15199812, -10.10794446,  -1.3315154 ,  -5.96323461,
        -2.12257294,   5.48603934]), array([-3.68997809, -7.55844472, -1.82515029, -8.13643795,  0.67139804,
        4.95015611]), array([-3.11193189, -7.75334917, -1.93392857, -8.93212354,  1.61615195,
        3.22759184]), array([ -4.7125196 ,  -8.20281832,  -0.96989047, -10.13274808,
         1.56285333,   2.71083659]), array([-2.63940551, -7.55125716, -2.48261929, -8.88998864,  0.23220328,
        4.06273698]), array([-1.91216853, -7.70542972, -0.59106125, -9.99214257,  1.72675073,
        5.42210126]), array([ -1.92119325,  -8.4351418 ,  -2.44782527, -11.35265908,
         1.3401078 ,   5.2676812 ]), array([ -1.46579226,  -8.36045355,  -1.12647644, -12.01529371,
         0.4383688 ,   5.63072522]), array([  4.00146551,  -8.20039209,  -1.78148322, -14.69479045,
        -0.61092782,   6.71339697]), array([  4.28397439, -12.72990872,  -1.24041544, -13.91778195,
         0.755136  ,   7.14436173]), array([  1.26012348, -13.10633008,  -5.28220798, -16.13284729,
         4.30085583,   5.92179749]), array([ -4.67858736,  -9.5202936 ,  -2.63992188, -22.21395016,
         0.14644596,   2.591014  ]), array([ -3.81335188,  -9.83909467,  -5.75827063, -22.64296008,
        -2.51890605,  -0.13076911])], 2022-12-28 14:48:16.882284 
37, [array([0, 0, 0, 0, 0, 0]), array([ 0.40794534,  0.54933729, -0.25738668, -0.3569761 , -0.05708977,
       -0.36549668]), array([ 0.44359644, -0.07773785, -0.3746283 , -0.05687297,  0.8243217 ,
       -1.65185715]), array([ 1.61679191, -0.83191167, -0.7858941 , -0.6168981 ,  1.67641803,
       -0.92872314]), array([ 3.48577649, -2.54718163, -1.1494375 , -0.1928891 ,  1.89031213,
       -1.60677522]), array([ 3.54372399, -1.35131695,  0.01749389, -0.42811099,  1.16187833,
       -1.85449965]), array([ 2.49880744, -1.15157891,  0.29035342, -1.03427623,  2.15394777,
       -1.28161264]), array([ 2.16045634, -1.38230547,  0.58031368, -1.03120797,  1.8219527 ,
       -1.13762165]), array([ 3.12573691, -1.04604606,  1.18689643, -1.93554359,  0.7418451 ,
       -1.67031367]), array([ 3.51020599, -2.07607654,  0.38787739, -2.40764296,  0.90345821,
       -1.80575839]), array([ 3.94864602, -2.48233804,  1.92939862, -2.78530622,  1.09781869,
       -1.96955923]), array([ 3.07153212, -3.92534537,  2.19760349, -2.52688191,  0.45330728,
       -1.41853274]), array([ 2.60610375, -5.04698241,  1.56924765, -1.39711099,  0.37729764,
       -0.73171853]), array([ 1.50825242, -4.68133067,  0.58828649, -2.14256575, -2.70760898,
       -1.72338041]), array([-0.47306083, -3.69654411,  1.69658176, -3.06106795, -2.3023905 ,
       -1.80612609]), array([-1.05219125, -6.91700762,  4.22967283, -4.32807433, -1.72356316,
       -2.04465622]), array([-0.90496515, -7.33521357,  4.13397781, -4.6071971 , -2.00256419,
       -2.56312887]), array([-1.70263397, -7.38016089,  4.01669211, -4.68827918, -3.08925833,
       -3.584252  ]), array([-0.66832961, -7.33000696,  4.95517586, -5.08717875, -2.94559657,
       -3.28799226]), array([-1.49554047, -7.8828324 ,  4.02744734, -5.3492901 , -3.13099332,
       -2.23754775]), array([-0.87058617, -8.22207923,  3.09350394, -6.41844917, -2.53800469,
       -0.8787594 ]), array([-1.49494469, -6.72376553,  2.2642135 , -4.83097039, -1.2202999 ,
        0.14448214]), array([-1.03409009, -8.30545496,  1.36865334, -4.66600895, -0.41062482,
        1.66086299]), array([-2.34398462, -9.26625052, -1.06816943, -5.22409781, -2.07835166,
        5.26236336]), array([ -3.15199812, -10.10794446,  -1.3315154 ,  -5.96323461,
        -2.12257294,   5.48603934]), array([-3.68997809, -7.55844472, -1.82515029, -8.13643795,  0.67139804,
        4.95015611]), array([-3.11193189, -7.75334917, -1.93392857, -8.93212354,  1.61615195,
        3.22759184]), array([ -4.7125196 ,  -8.20281832,  -0.96989047, -10.13274808,
         1.56285333,   2.71083659]), array([-2.63940551, -7.55125716, -2.48261929, -8.88998864,  0.23220328,
        4.06273698]), array([-1.91216853, -7.70542972, -0.59106125, -9.99214257,  1.72675073,
        5.42210126]), array([ -1.92119325,  -8.4351418 ,  -2.44782527, -11.35265908,
         1.3401078 ,   5.2676812 ]), array([ -1.46579226,  -8.36045355,  -1.12647644, -12.01529371,
         0.4383688 ,   5.63072522]), array([  4.00146551,  -8.20039209,  -1.78148322, -14.69479045,
        -0.61092782,   6.71339697]), array([  4.28397439, -12.72990872,  -1.24041544, -13.91778195,
         0.755136  ,   7.14436173]), array([  1.26012348, -13.10633008,  -5.28220798, -16.13284729,
         4.30085583,   5.92179749]), array([ -4.67858736,  -9.5202936 ,  -2.63992188, -22.21395016,
         0.14644596,   2.591014  ]), array([ -3.81335188,  -9.83909467,  -5.75827063, -22.64296008,
        -2.51890605,  -0.13076911]), array([ -4.13800828, -14.8552525 , -13.20804686, -28.95732694,
        -8.87815104,   0.03202501])], 2022-12-28 14:49:57.647731 
38, [array([0, 0, 0, 0, 0, 0]), array([ 0.40794534,  0.54933729, -0.25738668, -0.3569761 , -0.05708977,
       -0.36549668]), array([ 0.44359644, -0.07773785, -0.3746283 , -0.05687297,  0.8243217 ,
       -1.65185715]), array([ 1.61679191, -0.83191167, -0.7858941 , -0.6168981 ,  1.67641803,
       -0.92872314]), array([ 3.48577649, -2.54718163, -1.1494375 , -0.1928891 ,  1.89031213,
       -1.60677522]), array([ 3.54372399, -1.35131695,  0.01749389, -0.42811099,  1.16187833,
       -1.85449965]), array([ 2.49880744, -1.15157891,  0.29035342, -1.03427623,  2.15394777,
       -1.28161264]), array([ 2.16045634, -1.38230547,  0.58031368, -1.03120797,  1.8219527 ,
       -1.13762165]), array([ 3.12573691, -1.04604606,  1.18689643, -1.93554359,  0.7418451 ,
       -1.67031367]), array([ 3.51020599, -2.07607654,  0.38787739, -2.40764296,  0.90345821,
       -1.80575839]), array([ 3.94864602, -2.48233804,  1.92939862, -2.78530622,  1.09781869,
       -1.96955923]), array([ 3.07153212, -3.92534537,  2.19760349, -2.52688191,  0.45330728,
       -1.41853274]), array([ 2.60610375, -5.04698241,  1.56924765, -1.39711099,  0.37729764,
       -0.73171853]), array([ 1.50825242, -4.68133067,  0.58828649, -2.14256575, -2.70760898,
       -1.72338041]), array([-0.47306083, -3.69654411,  1.69658176, -3.06106795, -2.3023905 ,
       -1.80612609]), array([-1.05219125, -6.91700762,  4.22967283, -4.32807433, -1.72356316,
       -2.04465622]), array([-0.90496515, -7.33521357,  4.13397781, -4.6071971 , -2.00256419,
       -2.56312887]), array([-1.70263397, -7.38016089,  4.01669211, -4.68827918, -3.08925833,
       -3.584252  ]), array([-0.66832961, -7.33000696,  4.95517586, -5.08717875, -2.94559657,
       -3.28799226]), array([-1.49554047, -7.8828324 ,  4.02744734, -5.3492901 , -3.13099332,
       -2.23754775]), array([-0.87058617, -8.22207923,  3.09350394, -6.41844917, -2.53800469,
       -0.8787594 ]), array([-1.49494469, -6.72376553,  2.2642135 , -4.83097039, -1.2202999 ,
        0.14448214]), array([-1.03409009, -8.30545496,  1.36865334, -4.66600895, -0.41062482,
        1.66086299]), array([-2.34398462, -9.26625052, -1.06816943, -5.22409781, -2.07835166,
        5.26236336]), array([ -3.15199812, -10.10794446,  -1.3315154 ,  -5.96323461,
        -2.12257294,   5.48603934]), array([-3.68997809, -7.55844472, -1.82515029, -8.13643795,  0.67139804,
        4.95015611]), array([-3.11193189, -7.75334917, -1.93392857, -8.93212354,  1.61615195,
        3.22759184]), array([ -4.7125196 ,  -8.20281832,  -0.96989047, -10.13274808,
         1.56285333,   2.71083659]), array([-2.63940551, -7.55125716, -2.48261929, -8.88998864,  0.23220328,
        4.06273698]), array([-1.91216853, -7.70542972, -0.59106125, -9.99214257,  1.72675073,
        5.42210126]), array([ -1.92119325,  -8.4351418 ,  -2.44782527, -11.35265908,
         1.3401078 ,   5.2676812 ]), array([ -1.46579226,  -8.36045355,  -1.12647644, -12.01529371,
         0.4383688 ,   5.63072522]), array([  4.00146551,  -8.20039209,  -1.78148322, -14.69479045,
        -0.61092782,   6.71339697]), array([  4.28397439, -12.72990872,  -1.24041544, -13.91778195,
         0.755136  ,   7.14436173]), array([  1.26012348, -13.10633008,  -5.28220798, -16.13284729,
         4.30085583,   5.92179749]), array([ -4.67858736,  -9.5202936 ,  -2.63992188, -22.21395016,
         0.14644596,   2.591014  ]), array([ -3.81335188,  -9.83909467,  -5.75827063, -22.64296008,
        -2.51890605,  -0.13076911]), array([ -4.13800828, -14.8552525 , -13.20804686, -28.95732694,
        -8.87815104,   0.03202501]), array([ -4.6600876 , -17.55811416, -16.04870281, -28.16881652,
        -5.41957342,   0.15484789])], 2022-12-28 14:51:41.562767 
39, [array([0, 0, 0, 0, 0, 0]), array([ 0.40794534,  0.54933729, -0.25738668, -0.3569761 , -0.05708977,
       -0.36549668]), array([ 0.44359644, -0.07773785, -0.3746283 , -0.05687297,  0.8243217 ,
       -1.65185715]), array([ 1.61679191, -0.83191167, -0.7858941 , -0.6168981 ,  1.67641803,
       -0.92872314]), array([ 3.48577649, -2.54718163, -1.1494375 , -0.1928891 ,  1.89031213,
       -1.60677522]), array([ 3.54372399, -1.35131695,  0.01749389, -0.42811099,  1.16187833,
       -1.85449965]), array([ 2.49880744, -1.15157891,  0.29035342, -1.03427623,  2.15394777,
       -1.28161264]), array([ 2.16045634, -1.38230547,  0.58031368, -1.03120797,  1.8219527 ,
       -1.13762165]), array([ 3.12573691, -1.04604606,  1.18689643, -1.93554359,  0.7418451 ,
       -1.67031367]), array([ 3.51020599, -2.07607654,  0.38787739, -2.40764296,  0.90345821,
       -1.80575839]), array([ 3.94864602, -2.48233804,  1.92939862, -2.78530622,  1.09781869,
       -1.96955923]), array([ 3.07153212, -3.92534537,  2.19760349, -2.52688191,  0.45330728,
       -1.41853274]), array([ 2.60610375, -5.04698241,  1.56924765, -1.39711099,  0.37729764,
       -0.73171853]), array([ 1.50825242, -4.68133067,  0.58828649, -2.14256575, -2.70760898,
       -1.72338041]), array([-0.47306083, -3.69654411,  1.69658176, -3.06106795, -2.3023905 ,
       -1.80612609]), array([-1.05219125, -6.91700762,  4.22967283, -4.32807433, -1.72356316,
       -2.04465622]), array([-0.90496515, -7.33521357,  4.13397781, -4.6071971 , -2.00256419,
       -2.56312887]), array([-1.70263397, -7.38016089,  4.01669211, -4.68827918, -3.08925833,
       -3.584252  ]), array([-0.66832961, -7.33000696,  4.95517586, -5.08717875, -2.94559657,
       -3.28799226]), array([-1.49554047, -7.8828324 ,  4.02744734, -5.3492901 , -3.13099332,
       -2.23754775]), array([-0.87058617, -8.22207923,  3.09350394, -6.41844917, -2.53800469,
       -0.8787594 ]), array([-1.49494469, -6.72376553,  2.2642135 , -4.83097039, -1.2202999 ,
        0.14448214]), array([-1.03409009, -8.30545496,  1.36865334, -4.66600895, -0.41062482,
        1.66086299]), array([-2.34398462, -9.26625052, -1.06816943, -5.22409781, -2.07835166,
        5.26236336]), array([ -3.15199812, -10.10794446,  -1.3315154 ,  -5.96323461,
        -2.12257294,   5.48603934]), array([-3.68997809, -7.55844472, -1.82515029, -8.13643795,  0.67139804,
        4.95015611]), array([-3.11193189, -7.75334917, -1.93392857, -8.93212354,  1.61615195,
        3.22759184]), array([ -4.7125196 ,  -8.20281832,  -0.96989047, -10.13274808,
         1.56285333,   2.71083659]), array([-2.63940551, -7.55125716, -2.48261929, -8.88998864,  0.23220328,
        4.06273698]), array([-1.91216853, -7.70542972, -0.59106125, -9.99214257,  1.72675073,
        5.42210126]), array([ -1.92119325,  -8.4351418 ,  -2.44782527, -11.35265908,
         1.3401078 ,   5.2676812 ]), array([ -1.46579226,  -8.36045355,  -1.12647644, -12.01529371,
         0.4383688 ,   5.63072522]), array([  4.00146551,  -8.20039209,  -1.78148322, -14.69479045,
        -0.61092782,   6.71339697]), array([  4.28397439, -12.72990872,  -1.24041544, -13.91778195,
         0.755136  ,   7.14436173]), array([  1.26012348, -13.10633008,  -5.28220798, -16.13284729,
         4.30085583,   5.92179749]), array([ -4.67858736,  -9.5202936 ,  -2.63992188, -22.21395016,
         0.14644596,   2.591014  ]), array([ -3.81335188,  -9.83909467,  -5.75827063, -22.64296008,
        -2.51890605,  -0.13076911]), array([ -4.13800828, -14.8552525 , -13.20804686, -28.95732694,
        -8.87815104,   0.03202501]), array([ -4.6600876 , -17.55811416, -16.04870281, -28.16881652,
        -5.41957342,   0.15484789]), array([ -1.70265798, -14.23753336, -16.83955387, -27.6797465 ,
        -9.20426717,  -3.00061169])], 2022-12-28 14:58:01.789972 
40, [array([0, 0, 0, 0, 0, 0]), array([ 0.40794534,  0.54933729, -0.25738668, -0.3569761 , -0.05708977,
       -0.36549668]), array([ 0.44359644, -0.07773785, -0.3746283 , -0.05687297,  0.8243217 ,
       -1.65185715]), array([ 1.61679191, -0.83191167, -0.7858941 , -0.6168981 ,  1.67641803,
       -0.92872314]), array([ 3.48577649, -2.54718163, -1.1494375 , -0.1928891 ,  1.89031213,
       -1.60677522]), array([ 3.54372399, -1.35131695,  0.01749389, -0.42811099,  1.16187833,
       -1.85449965]), array([ 2.49880744, -1.15157891,  0.29035342, -1.03427623,  2.15394777,
       -1.28161264]), array([ 2.16045634, -1.38230547,  0.58031368, -1.03120797,  1.8219527 ,
       -1.13762165]), array([ 3.12573691, -1.04604606,  1.18689643, -1.93554359,  0.7418451 ,
       -1.67031367]), array([ 3.51020599, -2.07607654,  0.38787739, -2.40764296,  0.90345821,
       -1.80575839]), array([ 3.94864602, -2.48233804,  1.92939862, -2.78530622,  1.09781869,
       -1.96955923]), array([ 3.07153212, -3.92534537,  2.19760349, -2.52688191,  0.45330728,
       -1.41853274]), array([ 2.60610375, -5.04698241,  1.56924765, -1.39711099,  0.37729764,
       -0.73171853]), array([ 1.50825242, -4.68133067,  0.58828649, -2.14256575, -2.70760898,
       -1.72338041]), array([-0.47306083, -3.69654411,  1.69658176, -3.06106795, -2.3023905 ,
       -1.80612609]), array([-1.05219125, -6.91700762,  4.22967283, -4.32807433, -1.72356316,
       -2.04465622]), array([-0.90496515, -7.33521357,  4.13397781, -4.6071971 , -2.00256419,
       -2.56312887]), array([-1.70263397, -7.38016089,  4.01669211, -4.68827918, -3.08925833,
       -3.584252  ]), array([-0.66832961, -7.33000696,  4.95517586, -5.08717875, -2.94559657,
       -3.28799226]), array([-1.49554047, -7.8828324 ,  4.02744734, -5.3492901 , -3.13099332,
       -2.23754775]), array([-0.87058617, -8.22207923,  3.09350394, -6.41844917, -2.53800469,
       -0.8787594 ]), array([-1.49494469, -6.72376553,  2.2642135 , -4.83097039, -1.2202999 ,
        0.14448214]), array([-1.03409009, -8.30545496,  1.36865334, -4.66600895, -0.41062482,
        1.66086299]), array([-2.34398462, -9.26625052, -1.06816943, -5.22409781, -2.07835166,
        5.26236336]), array([ -3.15199812, -10.10794446,  -1.3315154 ,  -5.96323461,
        -2.12257294,   5.48603934]), array([-3.68997809, -7.55844472, -1.82515029, -8.13643795,  0.67139804,
        4.95015611]), array([-3.11193189, -7.75334917, -1.93392857, -8.93212354,  1.61615195,
        3.22759184]), array([ -4.7125196 ,  -8.20281832,  -0.96989047, -10.13274808,
         1.56285333,   2.71083659]), array([-2.63940551, -7.55125716, -2.48261929, -8.88998864,  0.23220328,
        4.06273698]), array([-1.91216853, -7.70542972, -0.59106125, -9.99214257,  1.72675073,
        5.42210126]), array([ -1.92119325,  -8.4351418 ,  -2.44782527, -11.35265908,
         1.3401078 ,   5.2676812 ]), array([ -1.46579226,  -8.36045355,  -1.12647644, -12.01529371,
         0.4383688 ,   5.63072522]), array([  4.00146551,  -8.20039209,  -1.78148322, -14.69479045,
        -0.61092782,   6.71339697]), array([  4.28397439, -12.72990872,  -1.24041544, -13.91778195,
         0.755136  ,   7.14436173]), array([  1.26012348, -13.10633008,  -5.28220798, -16.13284729,
         4.30085583,   5.92179749]), array([ -4.67858736,  -9.5202936 ,  -2.63992188, -22.21395016,
         0.14644596,   2.591014  ]), array([ -3.81335188,  -9.83909467,  -5.75827063, -22.64296008,
        -2.51890605,  -0.13076911]), array([ -4.13800828, -14.8552525 , -13.20804686, -28.95732694,
        -8.87815104,   0.03202501]), array([ -4.6600876 , -17.55811416, -16.04870281, -28.16881652,
        -5.41957342,   0.15484789]), array([ -1.70265798, -14.23753336, -16.83955387, -27.6797465 ,
        -9.20426717,  -3.00061169]), array([ -2.12737386,  -6.32759945, -15.51990319, -20.24871649,
        -5.35415929,  -4.77582695])], 2022-12-28 15:00:34.385491 
