1, [-0.09272866852147428, -0.0023724841904719397, 0.8193021640137446, -0.7749270574413325, 1.6452375714153171, 1.0301289733694732], 2022-12-30 04:05:25.585855 
2, [1.0619833297118182, -0.29144864269086096, 1.6685178452305278, -0.6913766909064973, 1.9097667571405705, 0.6788300984513341], 2022-12-30 04:05:26.872310 
3, [2.3479692231837235, -0.9769629168085401, 2.749915615023341, -0.053033035715138066, 2.4509307042226673, 0.7888849308415101], 2022-12-30 04:05:29.932066 
4, [2.188745401580854, -1.6718726000186277, 3.1058156156227623, -0.7862661225054114, 3.160067196636347, 1.0528788254817065], 2022-12-30 04:05:50.617823 
5, [4.24438360629397, -0.6891155522853841, 3.734331914760379, -1.0705518109715546, 4.305487689485222, 1.1793076705122005], 2022-12-30 04:06:01.201694 
6, [5.846299275410363, 0.5517463019719303, 3.452950048714551, -0.9492762372862186, 2.633247378471163, 0.04094727115665697], 2022-12-30 04:06:12.144854 
7, [6.4072439556308085, 1.0255009232229242, 4.012017249219986, -1.8572600236639167, 3.3507616221640832, 1.3605072897634043], 2022-12-30 04:06:26.696147 
8, [6.287520356848521, 1.483586240665993, 5.210592325208729, -0.5758865721024384, 3.423352828326631, 1.722401838605093], 2022-12-30 04:06:32.889900 
9, [8.937219795663845, 1.7289525950468945, 7.047913173708377, -0.5724421747930184, 2.538938181434082, 0.37325819161373364], 2022-12-30 04:06:38.648830 
10, [9.683312692701026, 0.7698437127399759, 6.794991374993451, -0.21234056515259314, 2.818149147572588, 0.3088196197662636], 2022-12-30 04:07:04.561047 
11, [7.601662794484463, 2.0184819648145074, 5.030656392783119, -0.8866185421929085, 2.1841589702339044, 1.5000474288311294], 2022-12-30 04:07:10.663292 
12, [8.487216151318774, 2.5389805722484353, 5.8057563692104885, -1.0608667621092045, 1.2028080326987967, 2.680409619705042], 2022-12-30 04:07:40.791038 
13, [8.2438434739636, 3.3023130346586353, 5.97343320336982, -1.86489221626384, 1.9688385357018787, 3.2594618667141093], 2022-12-30 04:07:46.013046 
14, [7.363297922090197, 3.307851769902782, 7.482816010661786, -0.8763541123873906, 0.8665823698187887, 2.707805782193437], 2022-12-30 04:07:57.169130 
15, [9.268248544359752, 5.697643822542091, 7.269392487000933, -3.4484202817623557, 0.41420645508089343, 3.1399214591728057], 2022-12-30 04:08:02.562332 
16, [10.530411100256302, 0.7661648790092777, 6.957627079213813, -5.667996765902133, -0.24665278041931443, 3.4505882731966233], 2022-12-30 04:08:13.683171 
17, [12.873384813393372, 2.9790291204933, 6.104108764485956, -5.07925359009193, -0.7541057715899511, 2.6598681940260276], 2022-12-30 04:08:19.021320 
18, [11.64924046111854, -1.093228761664688, 6.780818027697191, -3.2909147975394877, -3.266241953455064, 4.38237589043165], 2022-12-30 04:08:24.415931 
19, [9.597789316537769, -3.5678632206802074, 6.488981100083007, -1.4456955592894158, -1.9233688255460055, 2.057777913667245], 2022-12-30 04:08:29.781935 
20, [11.997484446020282, -9.119655123578564, 4.738995428805, 1.8024592785600348, -0.14227793013052215, 1.097425542398018], 2022-12-30 04:08:35.315424 
21, [11.332961232858446, -6.380353072036691, 6.749141836066464, 1.4976218060561277, 1.6642181704790973, 6.780543261648967], 2022-12-30 04:08:43.976953 
22, [3.2708902051319484, -12.494223936627662, 10.742228005538268, -3.7303797911990837, -0.08279230268332105, 12.729609230022435], 2022-12-30 04:08:52.499887 
23, [0.7550620909163608, -16.358766062342205, 3.1527304943420296, -14.787399510161519, 6.344069216305906, 6.45819448535266], 2022-12-30 04:08:58.263133 
24, [1.6234316397092075, -16.605029867842845, 10.21401771953283, -21.75480359730628, -1.42495684422755, 8.634349654787847], 2022-12-30 04:09:09.487234 
25, [4.718699092571409, -10.529390904691962, 10.768245180167344, -22.35485233199812, 0.6985115657201786, 6.13383676765943], 2022-12-30 04:09:17.312375 
26, [2.903947221338881, -16.011872119047606, 18.201636136878857, -6.985319519431213, -9.822380792242697, -5.011023819499231], 2022-12-30 04:09:22.682579 
27, [15.17157554974403, -22.34874546520349, 5.710791035167938, 2.170128478123729, -12.805030322275586, -7.643122305851975], 2022-12-30 04:09:28.379854 
28, [19.961081613491714, -21.184541559943565, 10.12148064984354, 5.722508441096974, -13.984139465024237, -2.689550133921668], 2022-12-30 04:09:43.803221 
29, [20.789450062290538, -19.83183139377848, 3.5930402390009455, -3.6735466889620705, -15.338778885280734, -2.077490666547578], 2022-12-30 04:09:49.489872 
30, [18.768753064945507, -19.21421228967406, 9.378274650009754, -0.08193203543170613, -10.563560670811363, -3.6489315330638186], 2022-12-30 04:10:03.927693 
31, [18.068873354030906, -30.319910785790654, 14.940583620268306, 2.3507127612174434, -18.92963516758939, -4.298373577051471], 2022-12-30 04:10:14.718196 
32, [28.35518691218828, -28.62180759283943, 16.576458670780756, -0.7831596742468099, -24.029947246945632, -3.121385475611836], 2022-12-30 04:10:20.044690 
33, [30.656323374666286, -34.10171283583804, 20.15497538229676, -20.4873022344198, -32.439080481315244, -4.884888565534117], 2022-12-30 04:10:25.565610 
34, [17.332626054470374, -34.05658277295183, 28.352238784108998, -35.97287667362902, -26.080666083037077, -7.438573599743236], 2022-12-30 04:10:31.124858 
35, [40.147051382289874, -51.51026210581431, 26.387938603887886, -17.49317728296036, -29.777022294883793, 7.742938226935692], 2022-12-30 04:10:36.752689 
36, [29.75106190344747, -58.17201756448693, 33.569470090518195, -16.455316050322274, -33.69938390681955, 30.660307235110174], 2022-12-30 04:10:42.183408 
37, [58.2850255224877, -89.35440497229047, 55.848991106288295, -13.495979120533832, -55.333755292284394, 35.277928456544046], 2022-12-30 04:10:47.143919 
38, [71.22738810390524, -94.01895807760673, 12.779346230363771, -1.1830438821643163, -52.59419735826038, 36.007788408551356], 2022-12-30 04:10:52.549374 
39, [107.82864709637903, -111.44030050943097, 10.344861836356024, 4.843013233079965, 4.683260252614993, 46.59775709715021], 2022-12-30 04:10:57.932690 
40, [96.73327519641637, -178.431087681355, 17.333588284719998, -34.51063670821336, -48.181495632038484, 33.56291359783184], 2022-12-30 04:11:03.312934 
41, [42.585350980210315, -142.81032598632268, 66.52168835314822, -10.715825458286435, -36.31610840639509, 27.755797914824488], 2022-12-30 04:11:08.443611 
42, [29.28129855117873, -100.31617359958267, 44.21667920666326, -83.0708813657559, 1.297520012388702, 21.89465868554818], 2022-12-30 04:11:13.814248 
43, [-0.7249817015778142, -153.1377468756273, 83.18214195672394, -114.83162578867173, -26.715110283713454, 5.370716943858994], 2022-12-30 04:11:20.114315 
44, [-38.26301888596507, -226.3765033484127, 93.93960668031302, -110.18110480906208, 16.883680216090287, 28.973621975627868], 2022-12-30 04:11:47.177479 
45, [-54.27144709605681, -217.99636606363302, 103.0266105085569, -135.04151078544288, -8.18494638655708, 16.060119220337825], 2022-12-30 04:11:52.815747 
46, [-40.58763171845459, -264.8991435319033, 147.32520710110103, -31.137650012384782, -4.947304344468323, 68.73184334014692], 2022-12-30 04:11:58.343054 
47, [-70.69018825822498, -398.9813644774143, 141.7058905271887, -72.03868832907534, -92.50577790675071, 47.324869446092166], 2022-12-30 04:12:04.754845 
48, [32.160373661786, -334.4155156381335, 45.64658732754188, -73.89469595793335, -130.22656702758724, 48.81101041235056], 2022-12-30 04:12:09.955459 
49, [80.03512242810103, -418.4861882316785, 22.542369182035056, -109.50515887138587, -422.8714617877769, -43.76792463935465], 2022-12-30 04:12:15.511793 
50, [363.6637502959805, -462.2076370633592, 71.58227920153159, -100.733515842889, -342.24769419497943, 124.09364033857631], 2022-12-30 04:12:20.644340 
51, [331.6992474792602, -361.19309494806083, 103.38431774618743, -6.191155659780804, -419.0892399305069, 431.2236806608422], 2022-12-30 04:12:25.824780 
52, [239.9523995180049, -427.35913717440917, 29.436377735707325, -330.8131387255392, -396.21882974890127, 227.46421509101214], 2022-12-30 04:12:32.208450 
53, [434.0503540595365, -480.8016186169829, 77.08063361834101, -0.36579298195647425, -205.92791206919406, 208.56060758020175], 2022-12-30 04:12:37.808440 
